1 0 0
2 1 0
3 1 0
4 1 0
5 2 0
6 3 0
7 4 0
8 4 0
9 4 0
10 5 0
11 5 0
12 6 0
13 6 0
14 7 0
15 7 0
16 8 0
17 8 0
18 9 0
19 9 0
20 10 0
21 10 0
22 10 0
23 11 0
24 12 0
25 12 0
26 12 0
27 13 0
28 14 0
29 15 0
30 16 0
31 17 0
32 18 0
33 19 0
34 20 0
35 20 0
36 21 0
37 21 0
38 22 0
39 22 0
40 23 0
41 23 0
42 24 0
43 24 0
44 25 0
45 25 0
46 26 0
47 26 0
48 27 0
49 27 0
50 28 0
51 28 0
52 29 0
53 29 0
54 30 0
55 30 0
56 31 0
57 31 0
58 32 0
59 32 0
60 33 0
61 33 0
62 34 0
63 35 0
64 36 0
65 37 0
66 38 0
67 39 0
68 40 0
69 41 0
70 41 0
71 41 0
72 42 0
73 43 0
74 44 0
75 45 0
76 46 0
77 47 0
78 48 0
79 49 0
80 49 0
81 49 0
82 50 0
83 51 0
84 51 0
85 51 0
86 52 0
87 53 0
88 53 0
89 54 0
90 55 0
91 55 0
92 55 0
93 56 0
94 57 0
95 57 0
96 58 0
97 58 0
98 58 0
99 59 0
100 60 0
101 60 0
102 60 0
103 61 0
104 62 0
105 62 0
106 63 0
107 63 0
108 64 0
109 64 0
110 65 0
111 65 0
112 66 0
113 67 0
114 67 0
115 68 0
116 68 0
117 69 0
118 69 0
119 70 0
120 70 0
121 71 0
122 71 0
123 72 0
124 72 0
125 73 0
126 73 0
127 74 0
128 74 0
129 75 0
130 75 0
131 76 0
132 76 0
133 77 0
134 78 0
135 78 0
136 79 0
137 79 0
138 80 0
139 80 0
140 81 0
141 81 0
142 82 0
143 82 0
144 83 0
145 83 0
146 84 0
147 84 0
148 85 0
149 85 0
150 86 0
151 86 0
152 87 0
153 87 0
154 88 0
155 88 0
156 89 0
157 89 0
158 90 0
159 90 0
160 91 0
161 91 0
162 92 0
163 92 0
164 93 0
165 93 0
166 94 0
167 94 0
168 95 0
169 95 0
170 96 0
171 96 0
172 97 0
173 98 0
174 98 0
175 99 0
176 99 0
177 100 0
178 100 0
179 101 0
180 102 0
181 102 0
182 103 0
183 103 0
184 104 0
185 105 0
186 105 0
187 105 0
188 106 0
189 107 0
190 107 0
191 107 0
192 108 0
193 108 0
194 108 0
195 109 0
196 110 0
197 110 0
198 110 0
199 111 0
200 112 0
201 113 0
202 113 0
203 113 0
204 114 0
205 115 0
206 115 0
207 115 0
208 116 0
209 118 0
210 119 0
211 120 0
212 121 0
213 122 0
214 123 0
215 124 0
216 124 0
217 124 0
218 125 0
219 126 0
220 126 0
221 126 0
222 127 0
223 127 0
224 127 0
225 128 0
226 129 0
227 129 0
228 129 0
229 130 0
230 131 0
231 131 0
232 131 0
233 132 0
234 133 0
235 134 0
236 134 0
237 134 0
238 135 0
239 136 0
240 137 0
241 139 0
242 140 0
243 141 0
244 142 0
245 142 0
246 142 0
247 143 0
248 145 0
249 146 0
250 147 0
251 148 0
252 150 0
253 150 0
254 150 0
255 151 0
256 152 0
257 153 0
258 154 0
259 155 0
260 156 0
261 156 0
262 156 0
263 157 0
264 158 0
265 159 0
266 161 0
267 163 0
268 164 0
269 164 0
270 164 0
271 165 0
272 166 0
273 167 0
274 168 0
275 169 0
276 170 0
277 171 0
278 172 0
279 173 0
280 175 0
281 176 0
282 176 0
283 176 0
284 177 0
285 178 0
286 179 0
287 181 0
288 182 0
289 183 0
290 183 0
291 183 0
292 184 0
293 184 0
294 185 0
295 186 0
296 186 0
297 187 0
298 187 0
299 188 0
300 188 0
301 189 0
302 189 0
303 190 0
304 190 0
305 191 0
306 191 0
307 192 0
308 192 0
309 193 0
310 194 0
311 194 0
312 195 0
313 195 0
314 196 0
315 197 0
316 198 0
317 198 0
318 199 0
319 199 0
320 200 0
321 200 0
322 201 0
323 201 0
324 202 0
325 202 0
326 203 0
327 204 0
328 204 0
329 205 0
330 205 0
331 206 0
332 206 0
333 207 0
334 207 0
335 208 0
336 208 0
337 209 0
338 209 0
339 210 0
340 210 0
341 211 0
342 211 0
343 212 0
344 212 0
345 213 0
346 213 0
347 214 0
348 214 0
349 215 0
350 215 0
351 216 0
352 217 0
353 217 0
354 218 0
355 218 0
356 219 0
357 219 0
358 220 0
359 220 0
360 221 0
361 221 0
362 222 0
363 223 0
364 224 0
365 224 0
366 225 0
367 225 0
368 226 0
369 226 0
370 227 0
371 228 0
372 228 0
373 229 0
374 229 0
375 230 0
376 230 0
377 231 0
378 231 0
379 232 0
380 233 0
381 233 0
382 234 0
383 234 0
384 235 0
385 235 0
386 236 0
387 236 0
388 237 0
389 237 0
390 238 0
391 238 0
392 239 0
393 239 0
394 240 0
395 240 0
396 241 0
397 241 0
398 242 0
399 242 0
400 243 0
401 243 0
402 244 0
403 244 0
404 245 0
405 245 0
406 246 0
407 246 0
408 247 0
409 247 0
410 248 0
411 248 0
412 249 0
413 249 0
414 250 0
415 250 0
416 251 0
417 251 0
418 252 0
419 252 0
420 253 0
421 253 0
422 254 0
423 254 0
424 255 0
425 255 0
426 256 0
427 256 0
428 257 0
429 257 0
430 258 0
431 258 0
432 259 0
433 259 0
434 260 0
435 260 0
436 261 0
437 261 0
438 262 0
439 262 0
440 263 0
441 263 0
442 264 0
443 264 0
444 265 0
445 266 0
446 266 0
447 267 0
448 267 0
449 268 0
450 268 0
451 269 0
452 269 0
453 270 0
454 270 0
455 271 0
456 271 0
457 272 0
458 273 0
459 273 0
460 274 0
461 274 0
462 275 0
463 275 0
464 276 0
465 276 0
466 277 0
467 278 0
468 278 0
469 279 0
470 279 0
471 280 0
472 280 0
473 281 0
474 281 0
475 282 0
476 282 0
477 283 0
478 283 0
479 284 0
480 284 0
481 285 0
482 286 0
483 286 0
484 287 0
485 287 0
486 288 0
487 288 0
488 289 0
489 289 0
490 290 0
491 290 0
492 291 0
493 291 0
494 292 0
495 292 0
496 292 0
497 293 0
498 294 0
499 296 0
500 297 0
501 298 0
502 299 0
503 299 0
504 299 0
505 300 0
506 301 0
507 302 0
508 303 0
509 305 0
510 306 0
511 307 0
512 308 0
513 309 0
514 310 0
515 311 0
516 312 0
517 313 0
518 313 0
519 313 0
520 314 0
521 315 0
522 316 0
523 317 0
524 318 0
525 319 0
526 319 0
527 319 0
528 320 0
529 321 0
530 321 0
531 321 0
532 322 0
533 323 0
534 324 0
535 325 0
536 326 0
537 327 0
538 328 0
539 328 0
540 328 0
541 329 0
542 330 0
543 331 0
544 332 0
545 333 0
546 334 0
547 335 0
548 336 0
549 336 0
550 336 0
551 337 0
552 338 0
553 338 0
554 338 0
555 339 0
556 340 0
557 340 0
558 341 0
559 342 0
560 342 0
561 343 0
562 343 0
563 343 0
564 344 0
565 345 0
566 345 0
567 346 0
568 347 0
569 347 0
570 347 0
571 348 0
572 350 0
573 351 0
574 352 0
575 353 0
576 354 0
577 354 0
578 354 0
579 355 0
580 356 0
581 358 0
582 359 0
583 360 0
584 361 0
585 362 0
586 363 0
587 364 0
588 365 0
589 366 0
590 367 0
591 367 0
592 367 0
593 368 0
594 369 0
595 370 0
596 371 0
597 372 0
598 373 0
599 374 0
600 374 0
601 374 0
602 375 0
603 376 0
604 377 0
605 378 0
606 379 0
607 380 0
608 381 0
609 381 0
610 381 0
611 382 0
612 383 0
613 383 0
614 383 0
615 384 0
616 385 0
617 386 0
618 387 0
619 388 0
620 389 0
621 390 0
622 391 0
623 391 0
624 391 0
625 392 0
626 393 0
627 393 0
628 394 0
629 395 0
630 395 0
631 396 0
632 397 0
633 397 0
634 397 0
635 398 0
636 398 0
637 399 0
638 400 0
639 400 0
640 400 0
641 401 0
642 402 0
643 403 0
644 404 0
645 405 0
646 406 0
647 407 0
648 408 0
649 409 0
650 409 0
651 409 0
652 410 0
653 411 0
654 411 0
655 411 0
656 412 0
657 413 0
658 413 0
659 414 0
660 415 0
661 416 0
662 416 0
663 416 0
664 417 0
665 418 0
666 419 0
667 420 0
668 421 0
669 422 0
670 423 0
671 424 0
672 425 0
673 425 0
674 425 0
675 426 0
676 427 0
677 428 0
678 429 0
679 429 0
680 430 0
681 430 0
682 430 0
683 431 0
684 432 0
685 433 0
686 434 0
687 435 0
688 436 0
689 437 0
690 438 0
691 439 0
692 440 0
693 441 0
694 441 0
695 441 0
696 442 0
697 443 0
698 443 0
699 444 0
700 445 0
701 446 0
702 446 0
703 446 0
704 447 0
705 447 0
706 447 0
707 448 0
708 449 0
709 450 0
710 451 0
711 452 0
712 453 0
713 454 0
714 455 0
715 456 0
716 456 0
717 456 0
718 457 0
719 458 0
720 459 0
721 459 0
722 460 0
723 461 0
724 462 0
725 462 0
726 462 0
727 463 0
728 464 0
729 465 0
730 465 0
731 465 0
732 466 0
733 467 0
734 467 0
735 467 0
736 468 0
737 469 0
738 469 0
739 469 0
740 470 0
741 471 0
742 471 0
743 471 0
744 472 0
745 473 0
746 475 0
747 476 0
748 477 0
749 478 0
750 479 0
751 480 0
752 480 0
753 480 0
754 481 0
755 482 0
756 482 0
757 482 0
758 483 0
759 484 0
760 484 0
761 484 0
762 485 0
763 486 0
764 486 0
765 486 0
766 487 0
767 488 0
768 489 0
769 490 0
770 492 0
771 493 0
772 494 0
773 494 0
774 495 0
775 495 0
776 496 0
777 496 0
778 497 0
779 497 0
780 498 0
781 498 0
782 499 0
783 499 0
784 500 0
785 501 0
786 501 0
787 502 0
788 502 0
789 503 0
790 503 0
791 504 0
792 504 0
793 505 0
794 505 0
795 506 0
796 507 0
797 507 0
798 508 0
799 508 0
800 509 0
801 509 0
802 510 0
803 510 0
804 511 0
805 511 0
806 512 0
807 513 0
808 513 0
809 514 0
810 514 0
811 515 0
812 515 0
813 516 0
814 516 0
815 517 0
816 517 0
817 518 0
818 518 0
819 519 0
820 519 0
821 520 0
822 520 0
823 521 0
824 521 0
825 522 0
826 523 0
827 523 0
828 524 0
829 524 0
830 525 0
831 525 0
832 526 0
833 526 0
834 527 0
835 527 0
836 528 0
837 528 0
838 529 0
839 529 0
840 530 0
841 530 0
842 531 0
843 531 0
844 532 0
845 533 0
846 533 0
847 534 0
848 535 0
849 535 0
850 536 0
851 536 0
852 537 0
853 537 0
854 538 0
855 538 0
856 539 0
857 539 0
858 540 0
859 540 0
860 541 0
861 541 0
862 542 0
863 542 0
864 543 0
865 543 0
866 544 0
867 545 0
868 545 0
869 546 0
870 546 0
871 547 0
872 547 0
873 548 0
874 548 0
875 549 0
876 549 0
877 550 0
878 550 0
879 551 0
880 551 0
881 552 0
882 552 0
883 553 0
884 553 0
885 554 0
886 554 0
887 555 0
888 555 0
889 556 0
890 556 0
891 557 0
892 557 0
893 558 0
894 558 0
895 559 0
896 559 0
897 560 0
898 560 0
899 561 0
900 561 0
901 562 0
902 562 0
903 563 0
904 564 0
905 564 0
906 565 0
907 565 0
908 566 0
909 567 0
910 567 0
911 568 0
912 568 0
913 569 0
914 569 0
915 570 0
916 570 0
917 571 0
918 571 0
919 572 0
920 572 0
921 573 0
922 573 0
923 574 0
924 574 0
925 575 0
926 576 0
927 576 0
928 577 0
929 577 0
930 578 0
931 578 0
932 579 0
933 579 0
934 580 0
935 580 0
936 581 0
937 582 0
938 582 0
939 583 0
940 583 0
941 584 0
942 584 0
943 585 0
944 585 0
945 586 0
946 586 0
947 587 0
948 587 0
949 588 0
950 589 0
951 589 0
952 590 0
953 590 0
954 591 0
955 591 0
956 592 0
957 592 0
958 593 0
959 593 0
960 594 0
961 595 0
962 595 0
963 596 0
964 596 0
965 597 0
966 597 0
967 598 0
968 598 0
969 599 0
970 599 0
971 600 0
972 600 0
973 601 0
974 601 0
975 602 0
976 603 0
977 603 0
978 604 0
979 604 0
980 605 0
981 606 0
982 606 0
983 607 0
984 607 0
985 608 0
986 608 0
987 609 0
988 609 0
989 610 0
990 610 0
991 611 0
992 611 0
993 612 0
994 612 0
995 613 0
996 613 0
997 614 0
998 614 0
999 615 0
1000 615 0
1001 616 0
1002 616 0
1003 617 0
1004 618 0
1005 618 0
1006 619 0
1007 619 0
1008 620 0
1009 620 0
1010 621 0
1011 621 0
1012 622 0
1013 622 0
1014 623 0
1015 623 0
1016 624 0
1017 624 0
1018 625 0
1019 625 0
1020 626 0
1021 626 0
1022 627 0
1023 627 0
1024 628 0
1025 628 0
1026 629 0
1027 629 0
1028 630 0
1029 630 0
1030 631 0
1031 631 0
1032 632 0
1033 632 0
1034 633 0
1035 633 0
1036 634 0
1037 634 0
1038 635 0
1039 635 0
1040 636 0
1041 637 0
1042 637 0
1043 638 0
1044 638 0
1045 639 0
1046 639 0
1047 640 0
1048 641 0
1049 641 0
1050 642 0
1051 642 0
1052 643 0
1053 643 0
1054 644 0
1055 644 0
1056 645 0
1057 646 0
1058 646 0
1059 647 0
1060 647 0
1061 648 0
1062 648 0
1063 649 0
1064 649 0
1065 650 0
1066 650 0
1067 651 0
1068 651 0
1069 652 0
1070 652 0
1071 653 0
1072 653 0
1073 654 0
1074 654 0
1075 655 0
1076 655 0
1077 656 0
1078 656 0
1079 657 0
1080 657 0
1081 658 0
1082 658 0
1083 659 0
1084 659 0
1085 660 0
1086 660 0
1087 661 0
1088 661 0
1089 662 0
1090 662 0
1091 663 0
1092 664 0
1093 664 0
1094 665 0
1095 665 0
1096 666 0
1097 666 0
1098 667 0
1099 667 0
1100 668 0
1101 668 0
1102 669 0
1103 669 0
1104 670 0
1105 671 0
1106 671 0
1107 672 0
1108 672 0
1109 673 0
1110 673 0
1111 674 0
1112 674 0
1113 675 0
1114 675 0
1115 676 0
1116 676 0
1117 677 0
1118 677 0
1119 678 0
1120 678 0
1121 679 0
1122 679 0
1123 680 0
1124 680 0
1125 681 0
1126 682 0
1127 682 0
1128 683 0
1129 683 0
1130 684 0
1131 685 0
1132 685 0
1133 686 0
1134 686 0
1135 687 0
1136 687 0
1137 688 0
1138 689 0
1139 689 0
1140 690 0
1141 690 0
1142 691 0
1143 691 0
1144 692 0
1145 692 0
1146 693 0
1147 693 0
1148 694 0
1149 694 0
1150 695 0
1151 695 0
1152 696 0
1153 696 0
1154 697 0
1155 697 0
1156 698 0
1157 698 0
1158 699 0
1159 699 0
1160 700 0
1161 700 0
1162 701 0
1163 701 0
1164 702 0
1165 702 0
1166 703 0
1167 703 0
1168 704 0
1169 704 0
1170 705 0
1171 705 0
1172 706 0
1173 707 0
1174 707 0
1175 708 0
1176 708 0
1177 709 0
1178 709 0
1179 710 0
1180 710 0
1181 711 0
1182 711 0
1183 712 0
1184 713 0
1185 713 0
1186 714 0
1187 714 0
1188 715 0
1189 715 0
1190 716 0
1191 716 0
1192 717 0
1193 717 0
1194 718 0
1195 718 0
1196 719 0
1197 719 0
1198 720 0
1199 720 0
1200 721 0
1201 721 0
1202 722 0
1203 723 0
1204 723 0
1205 724 0
1206 724 0
1207 725 0
1208 726 0
1209 726 0
1210 727 0
1211 727 0
1212 728 0
1213 728 0
1214 729 0
1215 729 0
1216 730 0
1217 730 0
1218 731 0
1219 731 0
1220 732 0
1221 732 0
1222 733 0
1223 733 0
1224 734 0
1225 735 0
1226 735 0
1227 736 0
1228 736 0
1229 737 0
1230 737 0
1231 738 0
1232 738 0
1233 739 0
1234 740 0
1235 740 0
1236 741 0
1237 741 0
1238 742 0
1239 742 0
1240 743 0
1241 743 0
1242 744 0
1243 744 0
1244 745 0
1245 745 0
1246 746 0
1247 746 0
1248 747 0
1249 747 0
1250 748 0
1251 748 0
1252 749 0
1253 749 0
1254 750 0
1255 750 0
1256 751 0
1257 751 0
1258 752 0
1259 752 0
1260 753 0
1261 753 0
1262 754 0
1263 754 0
1264 755 0
1265 755 0
1266 756 0
1267 757 0
1268 757 0
1269 758 0
1270 758 0
1271 759 0
1272 759 0
1273 760 0
1274 760 0
1275 761 0
1276 762 0
1277 762 0
1278 763 0
1279 763 0
1280 764 0
1281 764 0
1282 765 0
1283 765 0
1284 766 0
1285 766 0
1286 767 0
1287 767 0
1288 768 0
1289 768 0
1290 769 0
1291 769 0
1292 770 0
1293 770 0
1294 771 0
1295 771 0
1296 772 0
1297 773 0
1298 774 0
1299 775 0
1300 776 0
1301 777 0
1302 778 0
1303 779 0
1304 779 0
1305 779 0
1306 780 0
1307 781 0
1308 781 0
1309 782 0
1310 783 0
1311 783 0
1312 783 0
1313 784 0
1314 785 0
1315 785 0
1316 785 0
1317 786 0
1318 787 0
1319 788 0
1320 789 0
1321 790 0
1322 791 0
1323 792 0
1324 793 0
1325 794 0
1326 794 0
1327 794 0
1328 795 0
1329 796 0
1330 797 0
1331 797 0
1332 798 0
1333 799 0
1334 799 0
1335 799 0
1336 800 0
1337 800 0
1338 801 0
1339 802 0
1340 802 0
1341 802 0
1342 803 0
1343 804 0
1344 805 0
1345 805 0
1346 805 0
1347 806 0
1348 807 0
1349 807 0
1350 807 0
1351 808 0
1352 809 0
1353 809 0
1354 809 0
1355 810 0
1356 811 0
1357 811 0
1358 812 0
1359 813 0
1360 813 0
1361 813 0
1362 814 0
1363 815 0
1364 817 0
1365 818 0
1366 819 0
1367 820 0
1368 821 0
1369 822 0
1370 822 0
1371 822 0
1372 823 0
1373 823 0
1374 823 0
1375 824 0
1376 825 0
1377 826 0
1378 826 0
1379 826 0
1380 827 0
1381 828 0
1382 828 0
1383 828 0
1384 829 0
1385 830 0
1386 831 0
1387 832 0
1388 834 0
1389 835 0
1390 836 0
1391 836 0
1392 836 0
1393 837 0
1394 839 0
1395 840 0
1396 841 0
1397 842 0
1398 843 0
1399 844 0
1400 845 0
1401 846 0
1402 846 0
1403 846 0
1404 847 0
1405 848 0
1406 848 0
1407 848 0
1408 849 0
1409 850 0
1410 850 0
1411 850 0
1412 851 0
1413 852 0
1414 852 0
1415 852 0
1416 853 0
1417 854 0
1418 855 0
1419 857 0
1420 858 0
1421 859 0
1422 860 0
1423 861 0
1424 861 0
1425 861 0
1426 862 0
1427 863 0
1428 863 0
1429 863 0
1430 864 0
1431 864 0
1432 864 0
1433 865 0
1434 866 0
1435 867 0
1436 867 0
1437 867 0
1438 868 0
1439 869 0
1440 869 0
1441 869 0
1442 870 0
1443 871 0
1444 871 0
1445 871 0
1446 872 0
1447 873 0
1448 874 0
1449 875 0
1450 877 0
1451 878 0
1452 879 0
1453 879 0
1454 879 0
1455 880 0
1456 881 0
1457 883 0
1458 884 0
1459 885 0
1460 887 0
1461 887 0
1462 887 0
1463 888 0
1464 889 0
1465 890 0
1466 891 0
1467 892 0
1468 893 0
1469 893 0
1470 893 0
1471 894 0
1472 896 0
1473 897 0
1474 899 0
1475 900 0
1476 901 0
1477 903 0
1478 904 0
1479 905 0
1480 905 0
1481 905 0
1482 907 0
1483 908 0
1484 909 0
1485 910 0
1486 910 0
1487 910 0
1488 911 0
1489 912 0
1490 913 0
1491 914 0
1492 915 0
1493 916 0
1494 917 0
1495 918 0
1496 918 0
1497 918 0
1498 919 0
1499 920 0
1500 920 0
1501 920 0
1502 921 0
1503 922 0
1504 922 0
1505 923 0
1506 923 0
1507 923 0
1508 924 0
1509 925 0
1510 926 0
1511 927 0
1512 928 0
1513 929 0
1514 930 0
1515 931 0
1516 932 0
1517 933 0
1518 933 0
1519 933 0
1520 934 0
1521 935 0
1522 935 0
1523 935 0
1524 936 0
1525 937 0
1526 938 0
1527 938 0
1528 939 0
1529 939 0
1530 939 0
1531 940 0
1532 941 0
1533 941 0
1534 942 0
1535 943 0
1536 944 0
1537 944 0
1538 944 0
1539 945 0
1540 945 0
1541 945 0
1542 946 0
1543 947 0
1544 947 0
1545 947 0
1546 948 0
1547 949 0
1548 950 0
1549 950 0
1550 950 0
1551 951 0
1552 952 0
1553 954 0
1554 955 0
1555 956 0
1556 957 0
1557 958 0
1558 959 0
1559 959 0
1560 959 0
1561 960 0
1562 961 0
1563 961 0
1564 961 0
1565 962 0
1566 963 0
1567 963 0
1568 964 0
1569 965 0
1570 965 0
1571 965 0
1572 966 0
1573 967 0
1574 967 0
1575 967 0
1576 968 0
1577 969 0
1578 970 0
1579 971 0
1580 973 0
1581 974 0
1582 975 0
1583 976 0
1584 977 0
1585 977 0
1586 977 0
1587 978 0
1588 978 0
1589 978 0
1590 979 0
1591 980 0
1592 981 0
1593 981 0
1594 981 0
1595 982 0
1596 983 0
1597 983 0
1598 983 0
1599 984 0
1600 986 0
1601 987 0
1602 988 0
1603 989 0
1604 990 0
1605 991 0
1606 991 0
1607 991 0
1608 992 0
1609 993 0
1610 994 0
1611 996 0
1612 997 0
1613 998 0
1614 999 0
1615 1000 0
1616 1000 0
1617 1000 0
1618 1001 0
1619 1002 0
1620 1002 0
1621 1002 0
1622 1003 0
1623 1004 0
1624 1004 0
1625 1004 0
1626 1005 0
1627 1006 0
1628 1006 0
1629 1006 0
1630 1007 0
1631 1008 0
1632 1008 0
1633 1008 0
1634 1009 0
1635 1010 0
1636 1010 0
1637 1010 0
1638 1011 0
1639 1012 0
1640 1014 0
1641 1015 0
1642 1016 0
1643 1017 0
1644 1018 0
1645 1018 0
1646 1018 0
1647 1019 0
1648 1020 0
1649 1021 0
1650 1022 0
1651 1023 0
1652 1024 0
1653 1024 0
1654 1024 0
1655 1025 0
1656 1026 0
1657 1029 0
1658 1030 0
1659 1030 0
1660 1030 0
1661 1031 0
1662 1032 0
1663 1033 0
1664 1034 0
1665 1037 0
1666 1039 0
1667 1040 0
1668 1041 0
1669 1042 0
1670 1042 0
1671 1042 0
1672 1043 0
1673 1044 0
1674 1046 0
1675 1047 0
1676 1048 0
1677 1049 0
1678 1049 0
1679 1049 0
1680 1050 0
1681 1051 0
1682 1051 0
1683 1051 0
1684 1052 0
1685 1053 0
1686 1053 0
1687 1053 0
1688 1054 0
1689 1054 0
1690 1054 0
1691 1055 0
1692 1056 0
1693 1057 0
1694 1057 0
1695 1057 0
1696 1058 0
1697 1059 0
1698 1059 0
1699 1059 0
1700 1060 0
1701 1061 0
1702 1061 0
1703 1061 0
1704 1062 0
1705 1063 0
1706 1064 0
1707 1065 0
1708 1067 0
1709 1068 0
1710 1069 0
1711 1069 0
1712 1069 0
1713 1070 0
1714 1071 0
1715 1073 0
1716 1074 0
1717 1075 0
1718 1077 0
1719 1077 0
1720 1077 0
1721 1078 0
1722 1079 0
1723 1080 0
1724 1081 0
1725 1082 0
1726 1083 0
1727 1083 0
1728 1083 0
1729 1084 0
1730 1086 0
1731 1087 0
1732 1088 0
1733 1089 0
1734 1091 0
1735 1092 0
1736 1093 0
1737 1093 0
1738 1093 0
1739 1094 0
1740 1095 0
1741 1095 0
1742 1096 0
1743 1097 0
1744 1097 0
1745 1097 0
1746 1098 0
1747 1098 0
1748 1098 0
1749 1099 0
1750 1100 0
1751 1100 0
1752 1100 0
1753 1101 0
1754 1102 0
1755 1102 0
1756 1102 0
1757 1103 0
1758 1104 0
1759 1105 0
1760 1105 0
1761 1105 0
1762 1106 0
1763 1107 0
1764 1108 0
1765 1110 0
1766 1111 0
1767 1112 0
1768 1113 0
1769 1113 0
1770 1113 0
1771 1114 0
1772 1116 0
1773 1117 0
1774 1117 0
1775 1117 0
1776 1118 0
1777 1119 0
1778 1120 0
1779 1121 0
1780 1122 0
1781 1123 0
1782 1124 0
1783 1125 0
1784 1126 0
1785 1128 0
1786 1129 0
1787 1129 0
1788 1129 0
1789 1130 0
1790 1131 0
1791 1132 0
1792 1132 0
1793 1132 0
1794 1133 0
1795 1134 0
1796 1134 0
1797 1134 0
1798 1135 0
1799 1136 0
1800 1136 0
1801 1136 0
1802 1137 0
1803 1138 0
1804 1138 0
1805 1138 0
1806 1139 0
1807 1140 0
1808 1140 0
1809 1140 0
1810 1141 0
1811 1142 0
1812 1142 0
1813 1142 0
1814 1143 0
1815 1144 0
1816 1144 0
1817 1144 0
1818 1145 0
1819 1146 0
1820 1148 0
1821 1149 0
1822 1150 0
1823 1151 0
1824 1152 0
1825 1152 0
1826 1152 0
1827 1153 0
1828 1154 0
1829 1155 0
1830 1156 0
1831 1157 0
1832 1158 0
1833 1158 0
1834 1158 0
1835 1159 0
1836 1160 0
1837 1160 0
1838 1160 0
1839 1161 0
1840 1162 0
1841 1163 0
1842 1164 0
1843 1167 0
1844 1168 0
1845 1169 0
1846 1171 0
1847 1172 0
1848 1173 0
1849 1174 0
1850 1174 0
1851 1174 0
1852 1175 0
1853 1176 0
1854 1176 0
1855 1177 0
1856 1178 0
1857 1178 0
1858 1178 0
1859 1179 0
1860 1179 0
1861 1179 0
1862 1180 0
1863 1181 0
1864 1181 0
1865 1181 0
1866 1182 0
1867 1183 0
1868 1184 0
1869 1184 0
1870 1184 0
1871 1185 0
1872 1186 0
1873 1186 0
1874 1186 0
1875 1187 0
1876 1189 0
1877 1190 0
1878 1191 0
1879 1192 0
1880 1193 0
1881 1194 0
1882 1194 0
1883 1194 0
1884 1195 0
1885 1196 0
1886 1196 0
1887 1196 0
1888 1197 0
1889 1198 0
1890 1199 0
1891 1200 0
1892 1201 0
1893 1202 0
1894 1203 0
1895 1204 0
1896 1204 0
1897 1204 0
1898 1205 0
1899 1206 0
1900 1207 0
1901 1209 0
1902 1210 0
1903 1211 0
1904 1211 0
1905 1211 0
1906 1212 0
1907 1212 0
1908 1212 0
1909 1213 0
1910 1214 0
1911 1215 0
1912 1217 0
1913 1218 0
1914 1219 0
1915 1220 0
1916 1220 0
1917 1220 0
1918 1221 0
1919 1222 0
1920 1223 0
1921 1224 0
1922 1225 0
1923 1226 0
1924 1227 0
1925 1228 0
1926 1228 0
1927 1228 0
1928 1229 0
1929 1230 0
1930 1231 0
1931 1232 0
1932 1233 0
1933 1234 0
1934 1235 0
1935 1235 0
1936 1235 0
1937 1236 0
1938 1237 0
1939 1238 0
1940 1239 0
1941 1240 0
1942 1241 0
1943 1242 0
1944 1243 0
1945 1243 0
1946 1243 0
1947 1244 0
1948 1245 0
1949 1245 0
1950 1245 0
1951 1246 0
1952 1247 0
1953 1247 0
1954 1248 0
1955 1249 0
1956 1249 0
1957 1250 0
1958 1250 0
1959 1250 0
1960 1251 0
1961 1252 0
1962 1252 0
1963 1253 0
1964 1254 0
1965 1254 0
1966 1254 0
1967 1255 0
1968 1257 0
1969 1258 0
1970 1259 0
1971 1260 0
1972 1261 0
1973 1262 0
1974 1262 0
1975 1262 0
1976 1263 0
1977 1264 0
1978 1265 0
1979 1266 0
1980 1267 0
1981 1268 0
1982 1269 0
1983 1270 0
1984 1270 0
1985 1270 0
1986 1271 0
1987 1272 0
1988 1273 0
1989 1274 0
1990 1275 0
1991 1276 0
1992 1277 0
1993 1277 0
1994 1277 0
1995 1278 0
1996 1279 0
1997 1280 0
1998 1281 0
1999 1282 0
2000 1283 0
2001 1284 0
2002 1285 0
2003 1285 0
2004 1285 0
2005 1286 0
2006 1287 0
2007 1287 0
2008 1288 0
2009 1289 0
2010 1289 0
2011 1290 0
2012 1291 0
2013 1291 0
2014 1291 0
2015 1292 0
2016 1292 0
2017 1293 0
2018 1294 0
2019 1294 0
2020 1294 0
2021 1295 0
2022 1296 0
2023 1296 0
2024 1297 0
2025 1297 0
2026 1298 0
2027 1299 0
2028 1299 0
2029 1300 0
2030 1300 0
2031 1301 0
2032 1301 0
2033 1302 0
2034 1302 0
2035 1303 0
2036 1303 0
2037 1304 0
2038 1304 0
2039 1305 0
2040 1305 0
2041 1306 0
2042 1306 0
2043 1307 0
2044 1307 0
2045 1308 0
2046 1308 0
2047 1309 0
2048 1309 0
2049 1310 0
2050 1310 0
2051 1311 0
2052 1311 0
2053 1312 0
2054 1312 0
2055 1313 0
2056 1313 0
2057 1314 0
2058 1314 0
2059 1315 0
2060 1315 0
2061 1316 0
2062 1317 0
2063 1317 0
2064 1318 0
2065 1318 0
2066 1319 0
2067 1319 0
2068 1320 0
2069 1320 0
2070 1321 0
2071 1321 0
2072 1322 0
2073 1323 0
2074 1323 0
2075 1324 0
2076 1324 0
2077 1325 0
2078 1325 0
2079 1326 0
2080 1326 0
2081 1327 0
2082 1327 0
2083 1328 0
2084 1328 0
2085 1329 0
2086 1329 0
2087 1330 0
2088 1330 0
2089 1331 0
2090 1331 0
2091 1332 0
2092 1332 0
2093 1333 0
2094 1333 0
2095 1334 0
2096 1334 0
2097 1335 0
2098 1335 0
2099 1336 0
2100 1336 0
2101 1337 0
2102 1338 0
2103 1338 0
2104 1339 0
2105 1339 0
2106 1340 0
2107 1341 0
2108 1341 0
2109 1342 0
2110 1342 0
2111 1343 0
2112 1343 0
2113 1344 0
2114 1344 0
2115 1345 0
2116 1345 0
2117 1346 0
2118 1346 0
2119 1347 0
2120 1347 0
2121 1348 0
2122 1348 0
2123 1349 0
2124 1350 0
2125 1350 0
2126 1351 0
2127 1351 0
2128 1352 0
2129 1352 0
2130 1353 0
2131 1353 0
2132 1354 0
2133 1355 0
2134 1355 0
2135 1356 0
2136 1357 0
2137 1358 0
2138 1358 0
2139 1359 0
2140 1359 0
2141 1360 0
2142 1360 0
2143 1361 0
2144 1361 0
2145 1362 0
2146 1362 0
2147 1363 0
2148 1363 0
2149 1364 0
2150 1364 0
2151 1365 0
2152 1365 0
2153 1366 0
2154 1366 0
2155 1367 0
2156 1367 0
2157 1368 0
2158 1368 0
2159 1369 0
2160 1369 0
2161 1370 0
2162 1370 0
2163 1371 0
2164 1371 0
2165 1372 0
2166 1372 0
2167 1373 0
2168 1374 0
2169 1374 0
2170 1375 0
2171 1375 0
2172 1376 0
2173 1376 0
2174 1377 0
2175 1377 0
2176 1378 0
2177 1378 0
2178 1379 0
2179 1380 0
2180 1380 0
2181 1381 0
2182 1381 0
2183 1382 0
2184 1382 0
2185 1383 0
2186 1383 0
2187 1384 0
2188 1384 0
2189 1385 0
2190 1385 0
2191 1386 0
2192 1386 0
2193 1387 0
2194 1387 0
2195 1388 0
2196 1388 0
2197 1389 0
2198 1389 0
2199 1390 0
2200 1390 0
2201 1391 0
2202 1391 0
2203 1392 0
2204 1392 0
2205 1393 0
2206 1393 0
2207 1394 0
2208 1394 0
2209 1395 0
2210 1395 0
2211 1396 0
2212 1396 0
2213 1397 0
2214 1397 0
2215 1398 0
2216 1399 0
2217 1399 0
2218 1400 0
2219 1400 0
2220 1401 0
2221 1401 0
2222 1402 0
2223 1402 0
2224 1403 0
2225 1403 0
2226 1404 0
2227 1404 0
2228 1405 0
2229 1405 0
2230 1406 0
2231 1407 0
2232 1407 0
2233 1408 0
2234 1408 0
2235 1409 0
2236 1409 0
2237 1410 0
2238 1410 0
2239 1411 0
2240 1412 0
2241 1412 0
2242 1413 0
2243 1413 0
2244 1414 0
2245 1414 0
2246 1415 0
2247 1415 0
2248 1416 0
2249 1416 0
2250 1417 0
2251 1417 0
2252 1418 0
2253 1418 0
2254 1419 0
2255 1419 0
2256 1420 0
2257 1420 0
2258 1421 0
2259 1421 0
2260 1422 0
2261 1422 0
2262 1423 0
2263 1423 0
2264 1424 0
2265 1424 0
2266 1425 0
2267 1425 0
2268 1426 0
2269 1426 0
2270 1427 0
2271 1427 0
2272 1428 0
2273 1429 0
2274 1429 0
2275 1430 0
2276 1430 0
2277 1431 0
2278 1432 0
2279 1432 0
2280 1433 0
2281 1433 0
2282 1434 0
2283 1434 0
2284 1435 0
2285 1436 0
2286 1436 0
2287 1437 0
2288 1438 0
2289 1438 0
2290 1439 0
2291 1439 0
2292 1440 0
2293 1440 0
2294 1441 0
2295 1442 0
2296 1442 0
2297 1443 0
2298 1443 0
2299 1444 0
2300 1444 0
2301 1445 0
2302 1445 0
2303 1446 0
2304 1446 0
2305 1447 0
2306 1447 0
2307 1448 0
2308 1448 0
2309 1449 0
2310 1449 0
2311 1450 0
2312 1450 0
2313 1451 0
2314 1451 0
2315 1452 0
2316 1452 0
2317 1453 0
2318 1453 0
2319 1454 0
2320 1454 0
2321 1455 0
2322 1455 0
2323 1456 0
2324 1456 0
2325 1457 0
2326 1457 0
2327 1458 0
2328 1458 0
2329 1459 0
2330 1459 0
2331 1460 0
2332 1460 0
2333 1461 0
2334 1461 0
2335 1462 0
2336 1462 0
2337 1463 0
2338 1463 0
2339 1464 0
2340 1464 0
2341 1465 0
2342 1466 0
2343 1466 0
2344 1467 0
2345 1467 0
2346 1468 0
2347 1468 0
2348 1469 0
2349 1469 0
2350 1470 0
2351 1470 0
2352 1471 0
2353 1471 0
2354 1472 0
2355 1472 0
2356 1473 0
2357 1473 0
2358 1474 0
2359 1475 0
2360 1475 0
2361 1476 0
2362 1476 0
2363 1477 0
2364 1477 0
2365 1478 0
2366 1478 0
2367 1479 0
2368 1479 0
2369 1480 0
2370 1480 0
2371 1481 0
2372 1481 0
2373 1482 0
2374 1482 0
2375 1483 0
2376 1483 0
2377 1484 0
2378 1484 0
2379 1485 0
2380 1485 0
2381 1486 0
2382 1486 0
2383 1487 0
2384 1487 0
2385 1488 0
2386 1488 0
2387 1489 0
2388 1489 0
2389 1490 0
2390 1490 0
2391 1491 0
2392 1492 0
2393 1492 0
2394 1493 0
2395 1493 0
2396 1494 0
2397 1494 0
2398 1495 0
2399 1495 0
2400 1496 0
2401 1496 0
2402 1497 0
2403 1497 0
2404 1498 0
2405 1498 0
2406 1499 0
2407 1499 0
2408 1500 0
2409 1500 0
2410 1501 0
2411 1501 0
2412 1502 0
2413 1502 0
2414 1503 0
2415 1503 0
2416 1504 0
2417 1504 0
2418 1505 0
2419 1505 0
2420 1506 0
2421 1506 0
2422 1507 0
2423 1508 0
2424 1508 0
2425 1509 0
2426 1509 0
2427 1510 0
2428 1510 0
2429 1511 0
2430 1511 0
2431 1512 0
2432 1512 0
2433 1513 0
2434 1513 0
2435 1514 0
2436 1514 0
2437 1515 0
2438 1516 0
2439 1516 0
2440 1517 0
2441 1517 0
2442 1518 0
2443 1518 0
2444 1519 0
2445 1519 0
2446 1520 0
2447 1520 0
2448 1521 0
2449 1521 0
2450 1522 0
2451 1522 0
2452 1523 0
2453 1523 0
2454 1524 0
2455 1524 0
2456 1525 0
2457 1525 0
2458 1526 0
2459 1526 0
2460 1527 0
2461 1527 0
2462 1528 0
2463 1528 0
2464 1529 0
2465 1530 0
2466 1530 0
2467 1531 0
2468 1531 0
2469 1532 0
2470 1532 0
2471 1533 0
2472 1534 0
2473 1534 0
2474 1535 0
2475 1535 0
2476 1536 0
2477 1537 0
2478 1537 0
2479 1538 0
2480 1538 0
2481 1539 0
2482 1539 0
2483 1540 0
2484 1541 0
2485 1541 0
2486 1542 0
2487 1542 0
2488 1543 0
2489 1543 0
2490 1544 0
2491 1544 0
2492 1545 0
2493 1546 0
2494 1546 0
2495 1547 0
2496 1547 0
2497 1548 0
2498 1548 0
2499 1549 0
2500 1549 0
2501 1550 0
2502 1550 0
2503 1551 0
2504 1551 0
2505 1552 0
2506 1552 0
2507 1553 0
2508 1553 0
2509 1554 0
2510 1554 0
2511 1555 0
2512 1555 0
2513 1556 0
2514 1556 0
2515 1557 0
2516 1557 0
2517 1558 0
2518 1558 0
2519 1559 0
2520 1559 0
2521 1560 0
2522 1560 0
2523 1561 0
2524 1561 0
2525 1562 0
2526 1562 0
2527 1563 0
2528 1564 0
2529 1564 0
2530 1565 0
2531 1565 0
2532 1566 0
2533 1567 0
2534 1568 0
2535 1568 0
2536 1569 0
2537 1569 0
2538 1570 0
2539 1570 0
2540 1571 0
2541 1572 0
2542 1572 0
2543 1573 0
2544 1573 0
2545 1574 0
2546 1574 0
2547 1575 0
2548 1575 0
2549 1576 0
2550 1577 0
2551 1577 0
2552 1578 0
2553 1578 0
2554 1579 0
2555 1579 0
2556 1580 0
2557 1580 0
2558 1581 0
2559 1581 0
2560 1582 0
2561 1582 0
2562 1583 0
2563 1583 0
2564 1584 0
2565 1585 0
2566 1585 0
2567 1586 0
2568 1586 0
2569 1587 0
2570 1587 0
2571 1588 0
2572 1589 0
2573 1589 0
2574 1590 0
2575 1590 0
2576 1591 0
2577 1591 0
2578 1592 0
2579 1592 0
2580 1593 0
2581 1593 0
2582 1594 0
2583 1595 0
2584 1595 0
2585 1596 0
2586 1596 0
2587 1597 0
2588 1597 0
2589 1598 0
2590 1598 0
2591 1599 0
2592 1599 0
2593 1600 0
2594 1600 0
2595 1601 0
2596 1601 0
2597 1602 0
2598 1603 0
2599 1603 0
2600 1604 0
2601 1604 0
2602 1605 0
2603 1605 0
2604 1606 0
2605 1606 0
2606 1607 0
2607 1607 0
2608 1608 0
2609 1608 0
2610 1609 0
2611 1609 0
2612 1610 0
2613 1610 0
2614 1611 0
2615 1611 0
2616 1612 0
2617 1613 0
2618 1613 0
2619 1614 0
2620 1614 0
2621 1615 0
2622 1615 0
2623 1616 0
2624 1616 0
2625 1617 0
2626 1617 0
2627 1618 0
2628 1618 0
2629 1619 0
2630 1620 0
2631 1620 0
2632 1621 0
2633 1621 0
2634 1622 0
2635 1622 0
2636 1623 0
2637 1624 0
2638 1625 0
2639 1625 0
2640 1626 0
2641 1627 0
2642 1627 0
2643 1628 0
2644 1628 0
2645 1629 0
2646 1630 0
2647 1630 0
2648 1631 0
2649 1632 0
2650 1632 0
2651 1633 0
2652 1634 0
2653 1634 0
2654 1635 0
2655 1635 0
2656 1636 0
2657 1636 0
2658 1637 0
2659 1637 0
2660 1638 0
2661 1638 0
2662 1640 0
2663 1640 0
2664 1641 0
2665 1641 0
2666 1642 0
2667 1642 0
2668 1643 0
2669 1643 0
2670 1644 0
2671 1644 0
2672 1645 0
2673 1645 0
2674 1646 0
2675 1646 0
2676 1647 0
2677 1647 0
2678 1648 0
2679 1648 0
2680 1649 0
2681 1649 0
2682 1650 0
2683 1650 0
2684 1651 0
2685 1651 0
2686 1652 0
2687 1652 0
2688 1653 0
2689 1653 0
2690 1654 0
2691 1654 0
2692 1655 0
2693 1655 0
2694 1656 0
2695 1656 0
2696 1657 0
2697 1657 0
2698 1658 0
2699 1658 0
2700 1659 0
2701 1660 0
2702 1660 0
2703 1661 0
2704 1661 0
2705 1662 0
2706 1663 0
2707 1663 0
2708 1664 0
2709 1664 0
2710 1665 0
2711 1666 0
2712 1666 0
2713 1667 0
2714 1667 0
2715 1668 0
2716 1668 0
2717 1669 0
2718 1669 0
2719 1670 0
2720 1670 0
2721 1671 0
2722 1671 0
2723 1672 0
2724 1673 0
2725 1673 0
2726 1674 0
2727 1674 0
2728 1675 0
2729 1675 0
2730 1676 0
2731 1676 0
2732 1677 0
2733 1677 0
2734 1678 0
2735 1678 0
2736 1679 0
2737 1679 0
2738 1680 0
2739 1680 0
2740 1681 0
2741 1681 0
2742 1682 0
2743 1682 0
2744 1683 0
2745 1683 0
2746 1684 0
2747 1684 0
2748 1685 0
2749 1685 0
2750 1686 0
2751 1687 0
2752 1687 0
2753 1688 0
2754 1688 0
2755 1689 0
2756 1690 0
2757 1690 0
2758 1691 0
2759 1691 0
2760 1692 0
2761 1692 0
2762 1694 0
2763 1694 0
2764 1695 0
2765 1696 0
2766 1696 0
2767 1697 0
2768 1697 0
2769 1698 0
2770 1698 0
2771 1699 0
2772 1700 0
2773 1701 0
2774 1701 0
2775 1702 0
2776 1702 0
2777 1703 0
2778 1703 0
2779 1704 0
2780 1704 0
2781 1705 0
2782 1705 0
2783 1706 0
2784 1706 0
2785 1707 0
2786 1707 0
2787 1708 0
2788 1708 0
2789 1709 0
2790 1709 0
2791 1710 0
2792 1710 0
2793 1711 0
2794 1711 0
2795 1712 0
2796 1712 0
2797 1713 0
2798 1713 0
2799 1714 0
2800 1714 0
2801 1715 0
2802 1715 0
2803 1716 0
2804 1716 0
2805 1717 0
2806 1717 0
2807 1718 0
2808 1718 0
2809 1719 0
2810 1719 0
2811 1720 0
2812 1720 0
2813 1721 0
2814 1721 0
2815 1722 0
2816 1722 0
2817 1723 0
2818 1724 0
2819 1724 0
2820 1725 0
2821 1725 0
2822 1726 0
2823 1726 0
2824 1727 0
2825 1727 0
2826 1728 0
2827 1728 0
2828 1729 0
2829 1729 0
2830 1730 0
2831 1730 0
2832 1731 0
2833 1732 0
2834 1732 0
2835 1733 0
2836 1734 0
2837 1734 0
2838 1735 0
2839 1735 0
2840 1736 0
2841 1736 0
2842 1737 0
2843 1737 0
2844 1738 0
2845 1738 0
2846 1739 0
2847 1739 0
2848 1740 0
2849 1740 0
2850 1741 0
2851 1741 0
2852 1742 0
2853 1742 0
2854 1743 0
2855 1743 0
2856 1744 0
2857 1744 0
2858 1745 0
2859 1745 0
2860 1746 0
2861 1747 0
2862 1748 0
2863 1748 0
2864 1749 0
2865 1749 0
2866 1750 0
2867 1750 0
2868 1751 0
2869 1752 0
2870 1752 0
2871 1753 0
2872 1753 0
2873 1754 0
2874 1754 0
2875 1755 0
2876 1755 0
2877 1756 0
2878 1757 0
2879 1757 0
2880 1758 0
2881 1758 0
2882 1759 0
2883 1759 0
2884 1760 0
2885 1760 0
2886 1761 0
2887 1761 0
2888 1762 0
2889 1763 0
2890 1763 0
2891 1764 0
2892 1764 0
2893 1765 0
2894 1765 0
2895 1766 0
2896 1766 0
2897 1767 0
2898 1767 0
2899 1768 0
2900 1768 0
2901 1769 0
2902 1769 0
2903 1770 0
2904 1770 0
2905 1771 0
2906 1771 0
2907 1772 0
2908 1772 0
2909 1773 0
2910 1773 0
2911 1774 0
2912 1774 0
2913 1775 0
2914 1775 0
2915 1776 0
2916 1776 0
2917 1777 0
2918 1778 0
2919 1778 0
2920 1779 0
2921 1779 0
2922 1780 0
2923 1780 0
2924 1781 0
2925 1781 0
2926 1782 0
2927 1783 0
2928 1783 0
2929 1784 0
2930 1784 0
2931 1785 0
2932 1785 0
2933 1786 0
2934 1786 0
2935 1787 0
2936 1787 0
2937 1788 0
2938 1788 0
2939 1789 0
2940 1789 0
2941 1790 0
2942 1790 0
2943 1791 0
2944 1791 0
2945 1792 0
2946 1792 0
2947 1793 0
2948 1793 0
2949 1794 0
2950 1794 0
2951 1795 0
2952 1795 0
2953 1796 0
2954 1796 0
2955 1797 0
2956 1797 0
2957 1798 0
2958 1798 0
2959 1799 0
2960 1800 0
2961 1800 0
2962 1801 0
2963 1801 0
2964 1802 0
2965 1802 0
2966 1803 0
2967 1803 0
2968 1804 0
2969 1805 0
2970 1805 0
2971 1806 0
2972 1806 0
2973 1807 0
2974 1807 0
2975 1808 0
2976 1808 0
2977 1809 0
2978 1810 0
2979 1812 0
2980 1812 0
2981 1813 0
2982 1814 0
2983 1814 0
2984 1815 0
2985 1815 0
2986 1816 0
2987 1816 0
2988 1817 0
2989 1817 0
2990 1818 0
2991 1818 0
2992 1819 0
2993 1819 0
2994 1820 0
2995 1820 0
2996 1821 0
2997 1821 0
2998 1822 0
2999 1822 0
3000 1823 0
3001 1823 0
3002 1824 0
3003 1824 0
3004 1825 0
3005 1825 0
3006 1826 0
3007 1826 0
3008 1827 0
3009 1827 0
3010 1828 0
3011 1828 0
3012 1829 0
3013 1829 0
3014 1830 0
3015 1830 0
3016 1831 0
3017 1831 0
3018 1832 0
3019 1832 0
3020 1833 0
3021 1833 0
3022 1834 0
3023 1834 0
3024 1835 0
3025 1835 0
3026 1836 0
3027 1836 0
3028 1837 0
3029 1837 0
3030 1838 0
3031 1838 0
3032 1839 0
3033 1839 0
3034 1840 0
3035 1841 0
3036 1841 0
3037 1842 0
3038 1842 0
3039 1843 0
3040 1843 0
3041 1844 0
3042 1845 0
3043 1845 0
3044 1846 0
3045 1847 0
3046 1847 0
3047 1848 0
3048 1848 0
3049 1849 0
3050 1849 0
3051 1850 0
3052 1850 0
3053 1851 0
3054 1851 0
3055 1852 0
3056 1852 0
3057 1853 0
3058 1853 0
3059 1854 0
3060 1854 0
3061 1855 0
3062 1855 0
3063 1856 0
3064 1856 0
3065 1857 0
3066 1857 0
3067 1858 0
3068 1858 0
3069 1859 0
3070 1859 0
3071 1860 0
3072 1861 0
3073 1861 0
3074 1862 0
3075 1862 0
3076 1863 0
3077 1864 0
3078 1865 0
3079 1865 0
3080 1866 0
3081 1866 0
3082 1867 0
3083 1867 0
3084 1868 0
3085 1868 0
3086 1869 0
3087 1869 0
3088 1870 0
3089 1871 0
3090 1871 0
3091 1872 0
3092 1872 0
3093 1873 0
3094 1873 0
3095 1874 0
3096 1874 0
3097 1875 0
3098 1876 0
3099 1876 0
3100 1877 0
3101 1877 0
3102 1878 0
3103 1878 0
3104 1879 0
3105 1879 0
3106 1880 0
3107 1880 0
3108 1881 0
3109 1881 0
3110 1882 0
3111 1882 0
3112 1883 0
3113 1883 0
3114 1884 0
3115 1884 0
3116 1885 0
3117 1885 0
3118 1886 0
3119 1886 0
3120 1887 0
3121 1887 0
3122 1888 0
3123 1888 0
3124 1889 0
3125 1890 0
3126 1890 0
3127 1891 0
3128 1891 0
3129 1892 0
3130 1892 0
3131 1893 0
3132 1893 0
3133 1894 0
3134 1894 0
3135 1895 0
3136 1895 0
3137 1896 0
3138 1896 0
3139 1897 0
3140 1897 0
3141 1898 0
3142 1898 0
3143 1899 0
3144 1900 0
3145 1900 0
3146 1901 0
3147 1901 0
3148 1902 0
3149 1902 0
3150 1903 0
3151 1903 0
3152 1904 0
3153 1904 0
3154 1905 0
3155 1905 0
3156 1906 0
3157 1906 0
3158 1907 0
3159 1907 0
3160 1908 0
3161 1908 0
3162 1909 0
3163 1909 0
3164 1910 0
3165 1910 0
3166 1911 0
3167 1912 0
3168 1912 0
3169 1913 0
3170 1913 0
3171 1914 0
3172 1914 0
3173 1915 0
3174 1915 0
3175 1916 0
3176 1916 0
3177 1917 0
3178 1918 0
3179 1918 0
3180 1919 0
3181 1919 0
3182 1920 0
3183 1921 0
3184 1921 0
3185 1922 0
3186 1922 0
3187 1923 0
3188 1923 0
3189 1924 0
3190 1924 0
3191 1925 0
3192 1925 0
3193 1926 0
3194 1926 0
3195 1927 0
3196 1927 0
3197 1928 0
3198 1929 0
3199 1929 0
3200 1930 0
3201 1930 0
3202 1931 0
3203 1932 0
3204 1932 0
3205 1933 0
3206 1934 0
3207 1934 0
3208 1935 0
3209 1935 0
3210 1936 0
3211 1936 0
3212 1937 0
3213 1937 0
3214 1938 0
3215 1938 0
3216 1939 0
3217 1939 0
3218 1940 0
3219 1940 0
3220 1941 0
3221 1941 0
3222 1942 0
3223 1943 0
3224 1943 0
3225 1944 0
3226 1944 0
3227 1945 0
3228 1945 0
3229 1946 0
3230 1946 0
3231 1947 0
3232 1947 0
3233 1948 0
3234 1948 0
3235 1949 0
3236 1949 0
3237 1950 0
3238 1950 0
3239 1951 0
3240 1951 0
3241 1952 0
3242 1952 0
3243 1953 0
3244 1953 0
3245 1954 0
3246 1954 0
3247 1955 0
3248 1955 0
3249 1956 0
3250 1956 0
3251 1957 0
3252 1957 0
3253 1958 0
3254 1959 0
3255 1959 0
3256 1960 0
3257 1960 0
3258 1961 0
3259 1961 0
3260 1962 0
3261 1963 0
3262 1963 0
3263 1964 0
3264 1964 0
3265 1965 0
3266 1965 0
3267 1966 0
3268 1966 0
3269 1967 0
3270 1967 0
3271 1968 0
3272 1968 0
3273 1969 0
3274 1969 0
3275 1970 0
3276 1971 0
3277 1971 0
3278 1972 0
3279 1972 0
3280 1973 0
3281 1973 0
3282 1974 0
3283 1974 0
3284 1975 0
3285 1976 0
3286 1976 0
3287 1977 0
3288 1977 0
3289 1978 0
3290 1979 0
3291 1979 0
3292 1980 0
3293 1980 0
3294 1981 0
3295 1981 0
3296 1982 0
3297 1982 0
3298 1983 0
3299 1983 0
3300 1984 0
3301 1984 0
3302 1985 0
3303 1985 0
3304 1986 0
3305 1987 0
3306 1987 0
3307 1988 0
3308 1989 0
3309 1989 0
3310 1990 0
3311 1990 0
3312 1991 0
3313 1992 0
3314 1992 0
3315 1993 0
3316 1993 0
3317 1994 0
3318 1994 0
3319 1995 0
3320 1995 0
3321 1996 0
3322 1996 0
3323 1997 0
3324 1997 0
3325 1998 0
3326 1998 0
3327 1999 0
3328 2000 0
3329 2000 0
3330 2001 0
3331 2001 0
3332 2002 0
3333 2002 0
3334 2003 0
3335 2003 0
3336 2004 0
3337 2004 0
3338 2005 0
3339 2005 0
3340 2006 0
3341 2006 0
3342 2007 0
3343 2007 0
3344 2008 0
3345 2008 0
3346 2009 0
3347 2009 0
3348 2010 0
3349 2010 0
3350 2011 0
3351 2011 0
3352 2012 0
3353 2012 0
3354 2013 0
3355 2013 0
3356 2014 0
3357 2014 0
3358 2015 0
3359 2015 0
3360 2016 0
3361 2017 0
3362 2017 0
3363 2018 0
3364 2018 0
3365 2019 0
3366 2020 0
3367 2020 0
3368 2021 0
3369 2021 0
3370 2022 0
3371 2023 0
3372 2023 0
3373 2023 0
3374 2024 0
3375 2025 0
3376 2025 0
3377 2025 0
3378 2026 0
3379 2027 0
3380 2027 0
3381 2027 0
3382 2028 0
3383 2029 0
3384 2029 0
3385 2029 0
3386 2030 0
3387 2031 0
3388 2031 0
3389 2031 0
3390 2032 0
3391 2033 0
3392 2033 0
3393 2033 0
3394 2034 0
3395 2035 0
3396 2037 0
3397 2038 0
3398 2039 0
3399 2040 0
3400 2041 0
3401 2041 0
3402 2041 0
3403 2042 0
3404 2043 0
3405 2044 0
3406 2045 0
3407 2046 0
3408 2047 0
3409 2047 0
3410 2047 0
3411 2048 0
3412 2049 0
3413 2050 0
3414 2051 0
3415 2054 0
3416 2055 0
3417 2056 0
3418 2056 0
3419 2056 0
3420 2057 0
3421 2058 0
3422 2060 0
3423 2061 0
3424 2062 0
3425 2063 0
3426 2063 0
3427 2063 0
3428 2064 0
3429 2065 0
3430 2065 0
3431 2065 0
3432 2066 0
3433 2067 0
3434 2067 0
3435 2067 0
3436 2068 0
3437 2068 0
3438 2068 0
3439 2069 0
3440 2070 0
3441 2070 0
3442 2070 0
3443 2071 0
3444 2072 0
3445 2073 0
3446 2073 0
3447 2073 0
3448 2074 0
3449 2075 0
3450 2075 0
3451 2075 0
3452 2076 0
3453 2078 0
3454 2079 0
3455 2080 0
3456 2081 0
3457 2082 0
3458 2083 0
3459 2083 0
3460 2084 0
3461 2085 0
3462 2085 0
3463 2085 0
3464 2087 0
3465 2088 0
3466 2089 0
3467 2090 0
3468 2091 0
3469 2091 0
3470 2091 0
3471 2092 0
3472 2093 0
3473 2094 0
3474 2096 0
3475 2098 0
3476 2099 0
3477 2101 0
3478 2102 0
3479 2103 0
3480 2103 0
3481 2103 0
3482 2104 0
3483 2105 0
3484 2106 0
3485 2108 0
3486 2109 0
3487 2110 0
3488 2110 0
3489 2110 0
3490 2111 0
3491 2111 0
3492 2111 0
3493 2112 0
3494 2113 0
3495 2114 0
3496 2116 0
3497 2117 0
3498 2118 0
3499 2119 0
3500 2119 0
3501 2119 0
3502 2120 0
3503 2121 0
3504 2122 0
3505 2123 0
3506 2124 0
3507 2125 0
3508 2126 0
3509 2127 0
3510 2127 0
3511 2127 0
3512 2128 0
3513 2129 0
3514 2130 0
3515 2131 0
3516 2132 0
3517 2133 0
3518 2134 0
3519 2134 0
3520 2134 0
3521 2135 0
3522 2136 0
3523 2137 0
3524 2138 0
3525 2138 0
3526 2138 0
3527 2139 0
3528 2140 0
3529 2141 0
3530 2142 0
3531 2143 0
3532 2144 0
3533 2146 0
3534 2146 0
3535 2146 0
3536 2147 0
3537 2148 0
3538 2148 0
3539 2148 0
3540 2149 0
3541 2150 0
3542 2150 0
3543 2151 0
3544 2152 0
3545 2152 0
3546 2153 0
3547 2153 0
3548 2153 0
3549 2154 0
3550 2155 0
3551 2155 0
3552 2156 0
3553 2157 0
3554 2157 0
3555 2157 0
3556 2158 0
3557 2160 0
3558 2162 0
3559 2163 0
3560 2164 0
3561 2165 0
3562 2166 0
3563 2167 0
3564 2168 0
3565 2169 0
3566 2170 0
3567 2171 0
3568 2171 0
3569 2171 0
3570 2172 0
3571 2173 0
3572 2173 0
3573 2173 0
3574 2174 0
3575 2175 0
3576 2176 0
3577 2177 0
3578 2178 0
3579 2179 0
3580 2180 0
3581 2180 0
3582 2180 0
3583 2181 0
3584 2182 0
3585 2183 0
3586 2184 0
3587 2185 0
3588 2186 0
3589 2187 0
3590 2188 0
3591 2188 0
3592 2188 0
3593 2189 0
3594 2190 0
3595 2190 0
3596 2192 0
3597 2192 0
3598 2193 0
3599 2194 0
3600 2194 0
3601 2194 0
3602 2195 0
3603 2195 0
3604 2196 0
3605 2197 0
3606 2197 0
3607 2197 0
3608 2198 0
3609 2199 0
3610 2200 0
3611 2201 0
3612 2202 0
3613 2203 0
3614 2204 0
3615 2205 0
3616 2206 0
3617 2206 0
3618 2206 0
3619 2207 0
3620 2208 0
3621 2208 0
3622 2208 0
3623 2209 0
3624 2210 0
3625 2210 0
3626 2211 0
3627 2212 0
3628 2212 0
3629 2213 0
3630 2213 0
3631 2213 0
3632 2214 0
3633 2215 0
3634 2216 0
3635 2216 0
3636 2216 0
3637 2217 0
3638 2218 0
3639 2218 0
3640 2218 0
3641 2219 0
3642 2220 0
3643 2223 0
3644 2224 0
3645 2225 0
3646 2226 0
3647 2227 0
3648 2227 0
3649 2227 0
3650 2228 0
3651 2229 0
3652 2230 0
3653 2231 0
3654 2232 0
3655 2233 0
3656 2234 0
3657 2234 0
3658 2234 0
3659 2235 0
3660 2236 0
3661 2237 0
3662 2238 0
3663 2239 0
3664 2240 0
3665 2241 0
3666 2241 0
3667 2241 0
3668 2242 0
3669 2243 0
3670 2244 0
3671 2245 0
3672 2246 0
3673 2247 0
3674 2248 0
3675 2249 0
3676 2249 0
3677 2249 0
3678 2250 0
3679 2251 0
3680 2251 0
3681 2252 0
3682 2253 0
3683 2253 0
3684 2254 0
3685 2255 0
3686 2255 0
3687 2255 0
3688 2256 0
3689 2256 0
3690 2257 0
3691 2258 0
3692 2258 0
3693 2258 0
3694 2259 0
3695 2260 0
3696 2260 0
3697 2260 0
3698 2261 0
3699 2263 0
3700 2264 0
3701 2265 0
3702 2266 0
3703 2267 0
3704 2268 0
3705 2268 0
3706 2268 0
3707 2269 0
3708 2270 0
3709 2272 0
3710 2273 0
3711 2274 0
3712 2276 0
3713 2277 0
3714 2278 0
3715 2279 0
3716 2280 0
3717 2281 0
3718 2281 0
3719 2282 0
3720 2283 0
3721 2283 0
3722 2283 0
3723 2284 0
3724 2285 0
3725 2286 0
3726 2287 0
3727 2288 0
3728 2289 0
3729 2289 0
3730 2289 0
3731 2290 0
3732 2291 0
3733 2292 0
3734 2293 0
3735 2294 0
3736 2295 0
3737 2296 0
3738 2296 0
3739 2296 0
3740 2297 0
3741 2298 0
3742 2299 0
3743 2300 0
3744 2301 0
3745 2303 0
3746 2304 0
3747 2304 0
3748 2304 0
3749 2305 0
3750 2306 0
3751 2306 0
3752 2307 0
3753 2308 0
3754 2308 0
3755 2310 0
3756 2310 0
3757 2311 0
3758 2311 0
3759 2312 0
3760 2313 0
3761 2313 0
3762 2313 0
3763 2314 0
3764 2315 0
3765 2316 0
3766 2318 0
3767 2319 0
3768 2320 0
3769 2321 0
3770 2322 0
3771 2322 0
3772 2322 0
3773 2323 0
3774 2324 0
3775 2324 0
3776 2324 0
3777 2325 0
3778 2326 0
3779 2327 0
3780 2328 0
3781 2328 0
3782 2329 0
3783 2329 0
3784 2330 0
3785 2331 0
3786 2332 0
3787 2333 0
3788 2334 0
3789 2335 0
3790 2336 0
3791 2338 0
3792 2338 0
3793 2338 0
3794 2339 0
3795 2340 0
3796 2340 0
3797 2341 0
3798 2342 0
3799 2343 0
3800 2344 0
3801 2344 0
3802 2344 0
3803 2345 0
3804 2346 0
3805 2347 0
3806 2348 0
3807 2349 0
3808 2350 0
3809 2351 0
3810 2352 0
3811 2353 0
3812 2353 0
3813 2353 0
3814 2354 0
3815 2355 0
3816 2355 0
3817 2356 0
3818 2357 0
3819 2357 0
3820 2357 0
3821 2358 0
3822 2359 0
3823 2360 0
3824 2360 0
3825 2360 0
3826 2361 0
3827 2361 0
3828 2361 0
3829 2362 0
3830 2363 0
3831 2363 0
3832 2363 0
3833 2364 0
3834 2365 0
3835 2365 0
3836 2365 0
3837 2366 0
3838 2368 0
3839 2369 0
3840 2370 0
3841 2371 0
3842 2372 0
3843 2373 0
3844 2374 0
3845 2374 0
3846 2374 0
3847 2375 0
3848 2375 0
3849 2375 0
3850 2376 0
3851 2377 0
3852 2377 0
3853 2377 0
3854 2378 0
3855 2379 0
3856 2380 0
3857 2382 0
3858 2383 0
3859 2384 0
3860 2385 0
3861 2386 0
3862 2386 0
3863 2386 0
3864 2387 0
3865 2388 0
3866 2388 0
3867 2388 0
3868 2389 0
3869 2389 0
3870 2389 0
3871 2390 0
3872 2391 0
3873 2392 0
3874 2392 0
3875 2392 0
3876 2393 0
3877 2394 0
3878 2394 0
3879 2394 0
3880 2395 0
3881 2396 0
3882 2396 0
3883 2396 0
3884 2397 0
3885 2398 0
3886 2399 0
3887 2400 0
3888 2402 0
3889 2403 0
3890 2404 0
3891 2404 0
3892 2404 0
3893 2405 0
3894 2406 0
3895 2408 0
3896 2409 0
3897 2410 0
3898 2412 0
3899 2412 0
3900 2412 0
3901 2413 0
3902 2414 0
3903 2415 0
3904 2416 0
3905 2417 0
3906 2418 0
3907 2419 0
3908 2420 0
3909 2422 0
3910 2423 0
3911 2424 0
3912 2424 0
3913 2424 0
3914 2425 0
3915 2426 0
3916 2426 0
3917 2426 0
3918 2427 0
3919 2428 0
3920 2428 0
3921 2428 0
3922 2429 0
3923 2430 0
3924 2430 0
3925 2430 0
3926 2431 0
3927 2431 0
3928 2431 0
3929 2432 0
3930 2433 0
3931 2433 0
3932 2433 0
3933 2434 0
3934 2435 0
3935 2435 0
3936 2435 0
3937 2436 0
3938 2437 0
3939 2438 0
3940 2438 0
3941 2438 0
3942 2439 0
3943 2440 0
3944 2441 0
3945 2443 0
3946 2444 0
3947 2445 0
3948 2446 0
3949 2446 0
3950 2446 0
3951 2447 0
3952 2449 0
3953 2450 0
3954 2451 0
3955 2452 0
3956 2454 0
3957 2454 0
3958 2455 0
3959 2456 0
3960 2456 0
3961 2456 0
3962 2458 0
3963 2460 0
3964 2461 0
3965 2462 0
3966 2463 0
3967 2464 0
3968 2465 0
3969 2467 0
3970 2468 0
3971 2468 0
3972 2468 0
3973 2469 0
3974 2471 0
3975 2472 0
3976 2473 0
3977 2473 0
3978 2473 0
3979 2474 0
3980 2474 0
3981 2474 0
3982 2475 0
3983 2476 0
3984 2478 0
3985 2479 0
3986 2480 0
3987 2481 0
3988 2482 0
3989 2483 0
3990 2484 0
3991 2485 0
3992 2486 0
3993 2487 0
3994 2487 0
3995 2487 0
3996 2488 0
3997 2489 0
3998 2490 0
3999 2491 0
4000 2492 0
4001 2493 0
4002 2494 0
4003 2494 0
4004 2494 0
4005 2495 0
4006 2496 0
4007 2496 0
4008 2496 0
4009 2497 0
4010 2498 0
4011 2499 0
4012 2500 0
4013 2501 0
4014 2502 0
4015 2503 0
4016 2504 0
4017 2504 0
4018 2504 0
4019 2505 0
4020 2506 0
4021 2506 0
4022 2506 0
4023 2507 0
4024 2508 0
4025 2508 0
4026 2510 0
4027 2510 0
4028 2511 0
4029 2511 0
4030 2511 0
4031 2512 0
4032 2513 0
4033 2513 0
4034 2514 0
4035 2515 0
4036 2515 0
4037 2515 0
4038 2516 0
4039 2518 0
4040 2519 0
4041 2520 0
4042 2521 0
4043 2522 0
4044 2523 0
4045 2523 0
4046 2523 0
4047 2524 0
4048 2525 0
4049 2526 0
4050 2527 0
4051 2528 0
4052 2529 0
4053 2530 0
4054 2531 0
4055 2531 0
4056 2531 0
4057 2532 0
4058 2533 0
4059 2534 0
4060 2535 0
4061 2535 0
4062 2535 0
4063 2536 0
4064 2537 0
4065 2538 0
4066 2539 0
4067 2540 0
4068 2541 0
4069 2542 0
4070 2542 0
4071 2542 0
4072 2543 0
4073 2544 0
4074 2545 0
4075 2546 0
4076 2547 0
4077 2548 0
4078 2549 0
4079 2549 0
4080 2549 0
4081 2550 0
4082 2551 0
4083 2551 0
4084 2552 0
4085 2553 0
4086 2553 0
4087 2554 0
4088 2555 0
4089 2555 0
4090 2555 0
4091 2556 0
4092 2556 0
4093 2557 0
4094 2558 0
4095 2558 0
4096 2558 0
4097 2559 0
4098 2560 0
4099 2560 0
4100 2560 0
4101 2561 0
4102 2562 0
4103 2562 0
4104 2562 0
4105 2563 0
4106 2564 0
4107 2565 0
4108 2567 0
4109 2568 0
4110 2569 0
4111 2570 0
4112 2571 0
4113 2572 0
4114 2573 0
4115 2574 0
4116 2575 0
4117 2575 0
4118 2575 0
4119 2576 0
4120 2577 0
4121 2577 0
4122 2577 0
4123 2578 0
4124 2580 0
4125 2581 0
4126 2582 0
4127 2583 0
4128 2584 0
4129 2584 0
4130 2584 0
4131 2585 0
4132 2586 0
4133 2587 0
4134 2588 0
4135 2589 0
4136 2590 0
4137 2591 0
4138 2592 0
4139 2592 0
4140 2592 0
4141 2593 0
4142 2594 0
4143 2594 0
4144 2594 0
4145 2595 0
4146 2596 0
4147 2596 0
4148 2597 0
4149 2598 0
4150 2598 0
4151 2598 0
4152 2599 0
4153 2600 0
4154 2600 0
4155 2601 0
4156 2602 0
4157 2603 0
4158 2604 0
4159 2605 0
4160 2606 0
4161 2607 0
4162 2608 0
4163 2609 0
4164 2609 0
4165 2609 0
4166 2610 0
4167 2611 0
4168 2611 0
4169 2612 0
4170 2613 0
4171 2613 0
4172 2614 0
4173 2615 0
4174 2615 0
4175 2615 0
4176 2616 0
4177 2617 0
4178 2617 0
4179 2617 0
4180 2618 0
4181 2619 0
4182 2619 0
4183 2619 0
4184 2620 0
4185 2621 0
4186 2622 0
4187 2624 0
4188 2625 0
4189 2626 0
4190 2627 0
4191 2627 0
4192 2627 0
4193 2628 0
4194 2629 0
4195 2630 0
4196 2632 0
4197 2633 0
4198 2634 0
4199 2635 0
4200 2635 0
4201 2635 0
4202 2636 0
4203 2637 0
4204 2638 0
4205 2639 0
4206 2640 0
4207 2641 0
4208 2642 0
4209 2643 0
4210 2644 0
4211 2645 0
4212 2646 0
4213 2647 0
4214 2647 0
4215 2647 0
4216 2648 0
4217 2649 0
4218 2650 0
4219 2651 0
4220 2652 0
4221 2653 0
4222 2653 0
4223 2653 0
4224 2654 0
4225 2655 0
4226 2656 0
4227 2657 0
4228 2659 0
4229 2660 0
4230 2661 0
4231 2661 0
4232 2661 0
4233 2662 0
4234 2663 0
4235 2663 0
4236 2664 0
4237 2665 0
4238 2665 0
4239 2666 0
4240 2666 0
4241 2666 0
4242 2667 0
4243 2668 0
4244 2668 0
4245 2669 0
4246 2670 0
4247 2671 0
4248 2672 0
4249 2673 0
4250 2674 0
4251 2675 0
4252 2677 0
4253 2677 0
4254 2677 0
4255 2678 0
4256 2679 0
4257 2679 0
4258 2680 0
4259 2681 0
4260 2682 0
4261 2682 0
4262 2682 0
4263 2683 0
4264 2684 0
4265 2685 0
4266 2686 0
4267 2687 0
4268 2688 0
4269 2689 0
4270 2690 0
4271 2691 0
4272 2692 0
4273 2693 0
4274 2693 0
4275 2693 0
4276 2694 0
4277 2695 0
4278 2695 0
4279 2695 0
4280 2696 0
4281 2697 0
4282 2697 0
4283 2698 0
4284 2699 0
4285 2700 0
4286 2701 0
4287 2702 0
4288 2703 0
4289 2704 0
4290 2704 0
4291 2704 0
4292 2705 0
4293 2706 0
4294 2707 0
4295 2707 0
4296 2708 0
4297 2709 0
4298 2709 0
4299 2709 0
4300 2710 0
4301 2711 0
4302 2712 0
4303 2712 0
4304 2712 0
4305 2713 0
4306 2713 0
4307 2713 0
4308 2714 0
4309 2715 0
4310 2715 0
4311 2715 0
4312 2716 0
4313 2718 0
4314 2719 0
4315 2720 0
4316 2721 0
4317 2722 0
4318 2723 0
4319 2724 0
4320 2725 0
4321 2725 0
4322 2725 0
4323 2726 0
4324 2726 0
4325 2726 0
4326 2727 0
4327 2728 0
4328 2728 0
4329 2728 0
4330 2729 0
4331 2730 0
4332 2730 0
4333 2730 0
4334 2731 0
4335 2732 0
4336 2733 0
4337 2735 0
4338 2736 0
4339 2737 0
4340 2738 0
4341 2738 0
4342 2738 0
4343 2739 0
4344 2741 0
4345 2742 0
4346 2743 0
4347 2744 0
4348 2745 0
4349 2746 0
4350 2746 0
4351 2746 0
4352 2747 0
4353 2748 0
4354 2750 0
4355 2751 0
4356 2752 0
4357 2753 0
4358 2754 0
4359 2755 0
4360 2756 0
4361 2757 0
4362 2758 0
4363 2759 0
4364 2759 0
4365 2759 0
4366 2760 0
4367 2761 0
4368 2761 0
4369 2761 0
4370 2762 0
4371 2763 0
4372 2764 0
4373 2765 0
4374 2766 0
4375 2766 0
4376 2766 0
4377 2767 0
4378 2768 0
4379 2769 0
4380 2770 0
4381 2771 0
4382 2772 0
4383 2772 0
4384 2772 0
4385 2773 0
4386 2774 0
4387 2775 0
4388 2776 0
4389 2777 0
4390 2778 0
4391 2779 0
4392 2780 0
4393 2780 0
4394 2780 0
4395 2781 0
4396 2782 0
4397 2782 0
4398 2783 0
4399 2784 0
4400 2784 0
4401 2785 0
4402 2786 0
4403 2786 0
4404 2786 0
4405 2787 0
4406 2787 0
4407 2788 0
4408 2789 0
4409 2789 0
4410 2789 0
4411 2790 0
4412 2791 0
4413 2792 0
4414 2793 0
4415 2794 0
4416 2795 0
4417 2796 0
4418 2797 0
4419 2798 0
4420 2798 0
4421 2798 0
4422 2799 0
4423 2800 0
4424 2800 0
4425 2800 0
4426 2801 0
4427 2802 0
4428 2803 0
4429 2804 0
4430 2804 0
4431 2805 0
4432 2805 0
4433 2805 0
4434 2807 0
4435 2808 0
4436 2809 0
4437 2810 0
4438 2811 0
4439 2812 0
4440 2813 0
4441 2814 0
4442 2814 0
4443 2814 0
4444 2815 0
4445 2816 0
4446 2816 0
4447 2817 0
4448 2818 0
4449 2819 0
4450 2820 0
4451 2820 0
4452 2820 0
4453 2821 0
4454 2822 0
4455 2823 0
4456 2824 0
4457 2825 0
4458 2826 0
4459 2827 0
4460 2828 0
4461 2829 0
4462 2829 0
4463 2829 0
4464 2830 0
4465 2831 0
4466 2831 0
4467 2832 0
4468 2833 0
4469 2834 0
4470 2834 0
4471 2834 0
4472 2835 0
4473 2835 0
4474 2835 0
4475 2836 0
4476 2836 0
4477 2836 0
4478 2837 0
4479 2838 0
4480 2838 0
4481 2838 0
4482 2839 0
4483 2842 0
4484 2843 0
4485 2844 0
4486 2845 0
4487 2846 0
4488 2846 0
4489 2846 0
4490 2847 0
4491 2849 0
4492 2850 0
4493 2852 0
4494 2852 0
4495 2852 0
4496 2853 0
4497 2854 0
4498 2856 0
4499 2858 0
4500 2859 0
4501 2860 0
4502 2861 0
4503 2862 0
4504 2863 0
4505 2864 0
4506 2865 0
4507 2865 0
4508 2865 0
4509 2866 0
4510 2867 0
4511 2868 0
4512 2869 0
4513 2870 0
4514 2871 0
4515 2872 0
4516 2872 0
4517 2872 0
4518 2873 0
4519 2874 0
4520 2875 0
4521 2876 0
4522 2877 0
4523 2878 0
4524 2879 0
4525 2879 0
4526 2879 0
4527 2880 0
4528 2881 0
4529 2881 0
4530 2881 0
4531 2882 0
4532 2883 0
4533 2884 0
4534 2885 0
4535 2886 0
4536 2887 0
4537 2888 0
4538 2889 0
4539 2890 0
4540 2890 0
4541 2891 0
4542 2892 0
4543 2892 0
4544 2893 0
4545 2894 0
4546 2894 0
4547 2894 0
4548 2895 0
4549 2895 0
4550 2896 0
4551 2897 0
4552 2897 0
4553 2897 0
4554 2898 0
4555 2899 0
4556 2900 0
4557 2902 0
4558 2903 0
4559 2904 0
4560 2905 0
4561 2906 0
4562 2906 0
4563 2906 0
4564 2907 0
4565 2908 0
4566 2908 0
4567 2908 0
4568 2909 0
4569 2911 0
4570 2912 0
4571 2913 0
4572 2914 0
4573 2915 0
4574 2916 0
4575 2916 0
4576 2916 0
4577 2917 0
4578 2918 0
4579 2919 0
4580 2919 0
4581 2920 0
4582 2921 0
4583 2922 0
4584 2922 0
4585 2922 0
4586 2923 0
4587 2924 0
4588 2925 0
4589 2925 0
4590 2925 0
4591 2926 0
4592 2927 0
4593 2927 0
4594 2927 0
4595 2928 0
4596 2929 0
4597 2929 0
4598 2929 0
4599 2930 0
4600 2931 0
4601 2931 0
4602 2931 0
4603 2932 0
4604 2933 0
4605 2935 0
4606 2936 0
4607 2937 0
4608 2938 0
4609 2939 0
4610 2939 0
4611 2939 0
4612 2940 0
4613 2941 0
4614 2941 0
4615 2941 0
4616 2942 0
4617 2943 0
4618 2944 0
4619 2945 0
4620 2947 0
4621 2948 0
4622 2949 0
4623 2949 0
4624 2949 0
4625 2950 0
4626 2951 0
4627 2952 0
4628 2954 0
4629 2955 0
4630 2956 0
4631 2957 0
4632 2957 0
4633 2957 0
4634 2958 0
4635 2959 0
4636 2960 0
4637 2962 0
4638 2963 0
4639 2964 0
4640 2965 0
4641 2965 0
4642 2965 0
4643 2966 0
4644 2967 0
4645 2968 0
4646 2969 0
4647 2970 0
4648 2971 0
4649 2972 0
4650 2972 0
4651 2972 0
4652 2973 0
4653 2974 0
4654 2975 0
4655 2976 0
4656 2977 0
4657 2978 0
4658 2978 0
4659 2978 0
4660 2979 0
4661 2980 0
4662 2981 0
4663 2982 0
4664 2983 0
4665 2983 0
4666 2983 0
4667 2984 0
4668 2985 0
4669 2986 0
4670 2987 0
4671 2988 0
4672 2989 0
4673 2990 0
4674 2991 0
4675 2991 0
4676 2991 0
4677 2992 0
4678 2993 0
4679 2993 0
4680 2993 0
4681 2994 0
4682 2995 0
4683 2995 0
4684 2996 0
4685 2997 0
4686 2997 0
4687 2998 0
4688 2998 0
4689 2998 0
4690 2999 0
4691 3000 0
4692 3000 0
4693 3001 0
4694 3002 0
4695 3003 0
4696 3004 0
4697 3005 0
4698 3006 0
4699 3007 0
4700 3009 0
4701 3009 0
4702 3009 0
4703 3010 0
4704 3011 0
4705 3011 0
4706 3012 0
4707 3013 0
4708 3014 0
4709 3014 0
4710 3014 0
4711 3015 0
4712 3016 0
4713 3017 0
4714 3018 0
4715 3019 0
4716 3020 0
4717 3022 0
4718 3024 0
4719 3025 0
4720 3025 0
4721 3025 0
4722 3026 0
4723 3027 0
4724 3028 0
4725 3029 0
4726 3030 0
4727 3031 0
4728 3032 0
4729 3033 0
4730 3033 0
4731 3033 0
4732 3034 0
4733 3035 0
4734 3036 0
4735 3036 0
4736 3037 0
4737 3038 0
4738 3038 0
4739 3038 0
4740 3039 0
4741 3039 0
4742 3039 0
4743 3041 0
4744 3042 0
4745 3043 0
4746 3043 0
4747 3043 0
4748 3044 0
4749 3044 0
4750 3044 0
4751 3045 0
4752 3045 0
4753 3045 0
4754 3046 0
4755 3047 0
4756 3047 0
4757 3047 0
4758 3048 0
4759 3049 0
4760 3050 0
4761 3053 0
4762 3054 0
4763 3055 0
4764 3055 0
4765 3055 0
4766 3056 0
4767 3058 0
4768 3060 0
4769 3061 0
4770 3061 0
4771 3061 0
4772 3062 0
4773 3063 0
4774 3065 0
4775 3067 0
4776 3068 0
4777 3069 0
4778 3070 0
4779 3071 0
4780 3072 0
4781 3073 0
4782 3074 0
4783 3075 0
4784 3075 0
4785 3075 0
4786 3076 0
4787 3077 0
4788 3078 0
4789 3079 0
4790 3080 0
4791 3081 0
4792 3081 0
4793 3081 0
4794 3082 0
4795 3083 0
4796 3083 0
4797 3083 0
4798 3084 0
4799 3085 0
4800 3086 0
4801 3087 0
4802 3088 0
4803 3089 0
4804 3090 0
4805 3090 0
4806 3090 0
4807 3091 0
4808 3092 0
4809 3093 0
4810 3094 0
4811 3095 0
4812 3096 0
4813 3097 0
4814 3098 0
4815 3099 0
4816 3099 0
4817 3099 0
4818 3100 0
4819 3101 0
4820 3101 0
4821 3102 0
4822 3103 0
4823 3103 0
4824 3104 0
4825 3104 0
4826 3104 0
4827 3105 0
4828 3106 0
4829 3106 0
4830 3107 0
4831 3108 0
4832 3109 0
4833 3110 0
4834 3112 0
4835 3114 0
4836 3115 0
4837 3115 0
4838 3115 0
4839 3116 0
4840 3118 0
4841 3119 0
4842 3120 0
4843 3121 0
4844 3123 0
4845 3123 0
4846 3123 0
4847 3124 0
4848 3125 0
4849 3126 0
4850 3126 0
4851 3127 0
4852 3127 0
4853 3127 0
4854 3128 0
4855 3129 0
4856 3130 0
4857 3131 0
4858 3131 0
4859 3131 0
4860 3132 0
4861 3133 0
4862 3133 0
4863 3133 0
4864 3134 0
4865 3135 0
4866 3137 0
4867 3138 0
4868 3139 0
4869 3140 0
4870 3141 0
4871 3142 0
4872 3142 0
4873 3142 0
4874 3143 0
4875 3144 0
4876 3144 0
4877 3144 0
4878 3145 0
4879 3146 0
4880 3146 0
4881 3146 0
4882 3147 0
4883 3148 0
4884 3148 0
4885 3148 0
4886 3149 0
4887 3150 0
4888 3151 0
4889 3152 0
4890 3154 0
4891 3155 0
4892 3156 0
4893 3157 0
4894 3158 0
4895 3159 0
4896 3160 0
4897 3161 0
4898 3162 0
4899 3163 0
4900 3163 0
4901 3163 0
4902 3165 0
4903 3165 0
4904 3167 0
4905 3168 0
4906 3168 0
4907 3168 0
4908 3169 0
4909 3169 0
4910 3170 0
4911 3171 0
4912 3171 0
4913 3171 0
4914 3172 0
4915 3173 0
4916 3174 0
4917 3175 0
4918 3176 0
4919 3177 0
4920 3178 0
4921 3179 0
4922 3179 0
4923 3179 0
4924 3180 0
4925 3181 0
4926 3181 0
4927 3181 0
4928 3182 0
4929 3183 0
4930 3183 0
4931 3183 0
4932 3184 0
4933 3185 0
4934 3185 0
4935 3186 0
4936 3187 0
4937 3187 0
4938 3187 0
4939 3188 0
4940 3189 0
4941 3189 0
4942 3189 0
4943 3190 0
4944 3191 0
4945 3192 0
4946 3193 0
4947 3195 0
4948 3196 0
4949 3197 0
4950 3198 0
4951 3199 0
4952 3199 0
4953 3199 0
4954 3200 0
4955 3200 0
4956 3200 0
4957 3202 0
4958 3203 0
4959 3203 0
4960 3203 0
4961 3204 0
4962 3205 0
4963 3205 0
4964 3205 0
4965 3207 0
4966 3208 0
4967 3209 0
4968 3210 0
4969 3211 0
4970 3212 0
4971 3213 0
4972 3213 0
4973 3213 0
4974 3214 0
4975 3215 0
4976 3215 0
4977 3215 0
4978 3216 0
4979 3216 0
4980 3216 0
4981 3217 0
4982 3218 0
4983 3218 0
4984 3218 0
4985 3219 0
4986 3220 0
4987 3220 0
4988 3220 0
4989 3221 0
4990 3222 0
4991 3223 0
4992 3223 0
4993 3224 0
4994 3225 0
4995 3226 0
4996 3228 0
4997 3229 0
4998 3230 0
4999 3231 0
5000 3231 0
5001 3231 0
5002 3232 0
5003 3235 0
5004 3236 0
5005 3237 0
5006 3239 0
5007 3239 0
5008 3239 0
5009 3240 0
5010 3241 0
5011 3244 0
5012 3245 0
5013 3245 0
5014 3245 0
5015 3247 0
5016 3248 0
5017 3249 0
5018 3250 0
5019 3251 0
5020 3252 0
5021 3253 0
5022 3254 0
5023 3256 0
5024 3257 0
5025 3257 0
5026 3257 0
5027 3258 0
5028 3260 0
5029 3261 0
5030 3262 0
5031 3262 0
5032 3262 0
5033 3263 0
5034 3264 0
5035 3265 0
5036 3266 0
5037 3267 0
5038 3268 0
5039 3269 0
5040 3270 0
5041 3270 0
5042 3270 0
5043 3271 0
5044 3272 0
5045 3272 0
5046 3272 0
5047 3274 0
5048 3274 0
5049 3276 0
5050 3276 0
5051 3276 0
5052 3277 0
5053 3278 0
5054 3278 0
5055 3279 0
5056 3280 0
5057 3281 0
5058 3282 0
5059 3283 0
5060 3284 0
5061 3285 0
5062 3286 0
5063 3286 0
5064 3286 0
5065 3287 0
5066 3288 0
5067 3288 0
5068 3288 0
5069 3289 0
5070 3290 0
5071 3290 0
5072 3290 0
5073 3291 0
5074 3292 0
5075 3292 0
5076 3292 0
5077 3293 0
5078 3294 0
5079 3294 0
5080 3295 0
5081 3296 0
5082 3296 0
5083 3296 0
5084 3297 0
5085 3298 0
5086 3300 0
5087 3301 0
5088 3302 0
5089 3303 0
5090 3304 0
5091 3305 0
5092 3306 0
5093 3306 0
5094 3306 0
5095 3307 0
5096 3308 0
5097 3308 0
5098 3308 0
5099 3310 0
5100 3310 0
5101 3310 0
5102 3311 0
5103 3312 0
5104 3312 0
5105 3312 0
5106 3313 0
5107 3314 0
5108 3316 0
5109 3317 0
5110 3318 0
5111 3319 0
5112 3320 0
5113 3320 0
5114 3320 0
5115 3321 0
5116 3322 0
5117 3322 0
5118 3322 0
5119 3323 0
5120 3323 0
5121 3323 0
5122 3324 0
5123 3325 0
5124 3325 0
5125 3325 0
5126 3326 0
5127 3327 0
5128 3328 0
5129 3328 0
5130 3328 0
5131 3329 0
5132 3330 0
5133 3330 0
5134 3331 0
5135 3333 0
5136 3334 0
5137 3335 0
5138 3336 0
5139 3337 0
5140 3338 0
5141 3338 0
5142 3338 0
5143 3339 0
5144 3341 0
5145 3342 0
5146 3344 0
5147 3344 0
5148 3344 0
5149 3346 0
5150 3347 0
5151 3348 0
5152 3349 0
5153 3350 0
5154 3350 0
5155 3350 0
5156 3351 0
5157 3352 0
5158 3353 0
5159 3357 0
5160 3358 0
5161 3360 0
5162 3361 0
5163 3362 0
5164 3362 0
5165 3362 0
5166 3363 0
5167 3364 0
5168 3365 0
5169 3367 0
5170 3368 0
5171 3369 0
5172 3369 0
5173 3369 0
5174 3370 0
5175 3370 0
5176 3371 0
5177 3371 0
5178 3372 0
5179 3372 0
5180 3373 0
5181 3373 0
5182 3374 0
5183 3374 0
5184 3375 0
5185 3376 0
5186 3376 0
5187 3377 0
5188 3377 0
5189 3378 0
5190 3378 0
5191 3379 0
5192 3379 0
5193 3380 0
5194 3381 0
5195 3381 0
5196 3382 0
5197 3382 0
5198 3383 0
5199 3383 0
5200 3384 0
5201 3384 0
5202 3385 0
5203 3386 0
5204 3386 0
5205 3387 0
5206 3388 0
5207 3388 0
5208 3389 0
5209 3390 0
5210 3390 0
5211 3391 0
5212 3391 0
5213 3392 0
5214 3392 0
5215 3393 0
5216 3393 0
5217 3394 0
5218 3394 0
5219 3395 0
5220 3395 0
5221 3396 0
5222 3396 0
5223 3397 0
5224 3397 0
5225 3398 0
5226 3398 0
5227 3399 0
5228 3399 0
5229 3400 0
5230 3400 0
5231 3401 0
5232 3401 0
5233 3402 0
5234 3402 0
5235 3403 0
5236 3403 0
5237 3404 0
5238 3404 0
5239 3405 0
5240 3405 0
5241 3406 0
5242 3406 0
5243 3407 0
5244 3407 0
5245 3408 0
5246 3408 0
5247 3409 0
5248 3409 0
5249 3410 0
5250 3410 0
5251 3411 0
5252 3411 0
5253 3412 0
5254 3413 0
5255 3413 0
5256 3414 0
5257 3414 0
5258 3415 0
5259 3415 0
5260 3416 0
5261 3416 0
5262 3417 0
5263 3418 0
5264 3418 0
5265 3419 0
5266 3419 0
5267 3420 0
5268 3421 0
5269 3421 0
5270 3422 0
5271 3422 0
5272 3423 0
5273 3423 0
5274 3424 0
5275 3424 0
5276 3425 0
5277 3425 0
5278 3426 0
5279 3426 0
5280 3427 0
5281 3427 0
5282 3428 0
5283 3428 0
5284 3429 0
5285 3430 0
5286 3430 0
5287 3431 0
5288 3431 0
5289 3432 0
5290 3432 0
5291 3433 0
5292 3433 0
5293 3434 0
5294 3434 0
5295 3435 0
5296 3435 0
5297 3436 0
5298 3436 0
5299 3437 0
5300 3438 0
5301 3438 0
5302 3439 0
5303 3439 0
5304 3440 0
5305 3441 0
5306 3442 0
5307 3442 0
5308 3443 0
5309 3443 0
5310 3444 0
5311 3444 0
5312 3445 0
5313 3445 0
5314 3446 0
5315 3446 0
5316 3448 0
5317 3448 0
5318 3449 0
5319 3449 0
5320 3450 0
5321 3450 0
5322 3451 0
5323 3451 0
5324 3452 0
5325 3452 0
5326 3453 0
5327 3453 0
5328 3454 0
5329 3454 0
5330 3455 0
5331 3455 0
5332 3456 0
5333 3456 0
5334 3457 0
5335 3457 0
5336 3458 0
5337 3458 0
5338 3459 0
5339 3459 0
5340 3460 0
5341 3460 0
5342 3461 0
5343 3461 0
5344 3462 0
5345 3462 0
5346 3463 0
5347 3463 0
5348 3464 0
5349 3464 0
5350 3465 0
5351 3466 0
5352 3466 0
5353 3467 0
5354 3467 0
5355 3468 0
5356 3468 0
5357 3469 0
5358 3469 0
5359 3470 0
5360 3470 0
5361 3471 0
5362 3471 0
5363 3472 0
5364 3472 0
5365 3473 0
5366 3474 0
5367 3474 0
5368 3475 0
5369 3475 0
5370 3476 0
5371 3476 0
5372 3477 0
5373 3477 0
5374 3478 0
5375 3478 0
5376 3479 0
5377 3479 0
5378 3480 0
5379 3480 0
5380 3481 0
5381 3481 0
5382 3482 0
5383 3482 0
5384 3483 0
5385 3484 0
5386 3484 0
5387 3485 0
5388 3485 0
5389 3486 0
5390 3486 0
5391 3487 0
5392 3487 0
5393 3488 0
5394 3488 0
5395 3489 0
5396 3489 0
5397 3490 0
5398 3490 0
5399 3491 0
5400 3491 0
5401 3492 0
5402 3492 0
5403 3493 0
5404 3493 0
5405 3494 0
5406 3494 0
5407 3495 0
5408 3496 0
5409 3496 0
5410 3497 0
5411 3497 0
5412 3498 0
5413 3498 0
5414 3499 0
5415 3499 0
5416 3500 0
5417 3500 0
5418 3501 0
5419 3502 0
5420 3502 0
5421 3503 0
5422 3503 0
5423 3504 0
5424 3505 0
5425 3505 0
5426 3506 0
5427 3506 0
5428 3507 0
5429 3507 0
5430 3508 0
5431 3508 0
5432 3509 0
5433 3509 0
5434 3510 0
5435 3510 0
5436 3511 0
5437 3511 0
5438 3512 0
5439 3513 0
5440 3513 0
5441 3514 0
5442 3514 0
5443 3515 0
5444 3516 0
5445 3516 0
5446 3517 0
5447 3517 0
5448 3518 0
5449 3518 0
5450 3519 0
5451 3519 0
5452 3520 0
5453 3521 0
5454 3521 0
5455 3522 0
5456 3522 0
5457 3523 0
5458 3523 0
5459 3524 0
5460 3524 0
5461 3525 0
5462 3525 0
5463 3526 0
5464 3526 0
5465 3527 0
5466 3527 0
5467 3528 0
5468 3528 0
5469 3529 0
5470 3529 0
5471 3530 0
5472 3530 0
5473 3531 0
5474 3531 0
5475 3532 0
5476 3533 0
5477 3533 0
5478 3534 0
5479 3534 0
5480 3535 0
5481 3535 0
5482 3536 0
5483 3536 0
5484 3537 0
5485 3537 0
5486 3538 0
5487 3538 0
5488 3539 0
5489 3539 0
5490 3540 0
5491 3540 0
5492 3541 0
5493 3541 0
5494 3542 0
5495 3542 0
5496 3543 0
5497 3543 0
5498 3544 0
5499 3544 0
5500 3545 0
5501 3545 0
5502 3546 0
5503 3546 0
5504 3547 0
5505 3548 0
5506 3549 0
5507 3549 0
5508 3550 0
5509 3550 0
5510 3551 0
5511 3552 0
5512 3552 0
5513 3553 0
5514 3553 0
5515 3554 0
5516 3554 0
5517 3555 0
5518 3555 0
5519 3556 0
5520 3556 0
5521 3557 0
5522 3557 0
5523 3558 0
5524 3559 0
5525 3559 0
5526 3560 0
5527 3560 0
5528 3561 0
5529 3561 0
5530 3562 0
5531 3563 0
5532 3563 0
5533 3564 0
5534 3564 0
5535 3565 0
5536 3565 0
5537 3566 0
5538 3566 0
5539 3567 0
5540 3567 0
5541 3568 0
5542 3568 0
5543 3569 0
5544 3569 0
5545 3570 0
5546 3570 0
5547 3571 0
5548 3571 0
5549 3572 0
5550 3572 0
5551 3573 0
5552 3573 0
5553 3574 0
5554 3575 0
5555 3575 0
5556 3576 0
5557 3577 0
5558 3577 0
5559 3578 0
5560 3578 0
5561 3579 0
5562 3579 0
5563 3580 0
5564 3580 0
5565 3581 0
5566 3581 0
5567 3582 0
5568 3582 0
5569 3583 0
5570 3583 0
5571 3584 0
5572 3584 0
5573 3585 0
5574 3585 0
5575 3586 0
5576 3586 0
5577 3587 0
5578 3588 0
5579 3588 0
5580 3589 0
5581 3589 0
5582 3590 0
5583 3590 0
5584 3591 0
5585 3591 0
5586 3592 0
5587 3592 0
5588 3593 0
5589 3593 0
5590 3594 0
5591 3594 0
5592 3595 0
5593 3595 0
5594 3596 0
5595 3596 0
5596 3597 0
5597 3597 0
5598 3598 0
5599 3598 0
5600 3599 0
5601 3599 0
5602 3600 0
5603 3600 0
5604 3601 0
5605 3601 0
5606 3602 0
5607 3602 0
5608 3603 0
5609 3604 0
5610 3604 0
5611 3605 0
5612 3605 0
5613 3606 0
5614 3607 0
5615 3607 0
5616 3608 0
5617 3608 0
5618 3609 0
5619 3609 0
5620 3610 0
5621 3610 0
5622 3611 0
5623 3611 0
5624 3612 0
5625 3613 0
5626 3613 0
5627 3614 0
5628 3614 0
5629 3615 0
5630 3615 0
5631 3616 0
5632 3616 0
5633 3617 0
5634 3617 0
5635 3618 0
5636 3618 0
5637 3619 0
5638 3619 0
5639 3620 0
5640 3620 0
5641 3621 0
5642 3621 0
5643 3622 0
5644 3622 0
5645 3623 0
5646 3623 0
5647 3624 0
5648 3624 0
5649 3625 0
5650 3625 0
5651 3626 0
5652 3626 0
5653 3627 0
5654 3627 0
5655 3628 0
5656 3629 0
5657 3629 0
5658 3630 0
5659 3630 0
5660 3631 0
5661 3632 0
5662 3632 0
5663 3633 0
5664 3633 0
5665 3634 0
5666 3634 0
5667 3635 0
5668 3636 0
5669 3636 0
5670 3637 0
5671 3637 0
5672 3638 0
5673 3638 0
5674 3639 0
5675 3639 0
5676 3640 0
5677 3641 0
5678 3641 0
5679 3642 0
5680 3642 0
5681 3643 0
5682 3643 0
5683 3644 0
5684 3644 0
5685 3645 0
5686 3645 0
5687 3646 0
5688 3646 0
5689 3647 0
5690 3647 0
5691 3648 0
5692 3648 0
5693 3649 0
5694 3649 0
5695 3650 0
5696 3650 0
5697 3651 0
5698 3652 0
5699 3652 0
5700 3653 0
5701 3653 0
5702 3654 0
5703 3654 0
5704 3655 0
5705 3655 0
5706 3656 0
5707 3656 0
5708 3657 0
5709 3657 0
5710 3658 0
5711 3658 0
5712 3659 0
5713 3660 0
5714 3661 0
5715 3661 0
5716 3662 0
5717 3663 0
5718 3663 0
5719 3664 0
5720 3664 0
5721 3665 0
5722 3665 0
5723 3666 0
5724 3666 0
5725 3667 0
5726 3667 0
5727 3668 0
5728 3668 0
5729 3669 0
5730 3669 0
5731 3670 0
5732 3671 0
5733 3671 0
5734 3672 0
5735 3672 0
5736 3673 0
5737 3673 0
5738 3674 0
5739 3674 0
5740 3675 0
5741 3675 0
5742 3676 0
5743 3676 0
5744 3677 0
5745 3677 0
5746 3678 0
5747 3678 0
5748 3679 0
5749 3679 0
5750 3680 0
5751 3680 0
5752 3681 0
5753 3681 0
5754 3682 0
5755 3682 0
5756 3683 0
5757 3683 0
5758 3684 0
5759 3684 0
5760 3685 0
5761 3685 0
5762 3686 0
5763 3686 0
5764 3687 0
5765 3687 0
5766 3688 0
5767 3688 0
5768 3689 0
5769 3690 0
5770 3690 0
5771 3691 0
5772 3691 0
5773 3692 0
5774 3692 0
5775 3693 0
5776 3694 0
5777 3694 0
5778 3695 0
5779 3695 0
5780 3696 0
5781 3696 0
5782 3697 0
5783 3697 0
5784 3698 0
5785 3698 0
5786 3699 0
5787 3699 0
5788 3700 0
5789 3700 0
5790 3701 0
5791 3702 0
5792 3702 0
5793 3703 0
5794 3703 0
5795 3704 0
5796 3704 0
5797 3705 0
5798 3705 0
5799 3706 0
5800 3706 0
5801 3707 0
5802 3707 0
5803 3708 0
5804 3708 0
5805 3709 0
5806 3709 0
5807 3710 0
5808 3710 0
5809 3711 0
5810 3712 0
5811 3713 0
5812 3713 0
5813 3714 0
5814 3714 0
5815 3715 0
5816 3715 0
5817 3716 0
5818 3716 0
5819 3717 0
5820 3717 0
5821 3718 0
5822 3718 0
5823 3719 0
5824 3719 0
5825 3720 0
5826 3720 0
5827 3721 0
5828 3721 0
5829 3722 0
5830 3722 0
5831 3723 0
5832 3724 0
5833 3724 0
5834 3725 0
5835 3726 0
5836 3726 0
5837 3727 0
5838 3727 0
5839 3728 0
5840 3728 0
5841 3729 0
5842 3729 0
5843 3730 0
5844 3730 0
5845 3731 0
5846 3732 0
5847 3732 0
5848 3733 0
5849 3734 0
5850 3734 0
5851 3735 0
5852 3735 0
5853 3736 0
5854 3737 0
5855 3737 0
5856 3738 0
5857 3738 0
5858 3739 0
5859 3739 0
5860 3740 0
5861 3740 0
5862 3741 0
5863 3741 0
5864 3742 0
5865 3742 0
5866 3743 0
5867 3743 0
5868 3744 0
5869 3745 0
5870 3745 0
5871 3746 0
5872 3747 0
5873 3747 0
5874 3748 0
5875 3748 0
5876 3749 0
5877 3749 0
5878 3750 0
5879 3750 0
5880 3751 0
5881 3751 0
5882 3752 0
5883 3752 0
5884 3753 0
5885 3753 0
5886 3754 0
5887 3754 0
5888 3755 0
5889 3755 0
5890 3756 0
5891 3756 0
5892 3757 0
5893 3757 0
5894 3758 0
5895 3759 0
5896 3759 0
5897 3760 0
5898 3760 0
5899 3761 0
5900 3762 0
5901 3762 0
5902 3763 0
5903 3763 0
5904 3764 0
5905 3764 0
5906 3765 0
5907 3765 0
5908 3766 0
5909 3766 0
5910 3767 0
5911 3767 0
5912 3768 0
5913 3769 0
5914 3769 0
5915 3770 0
5916 3770 0
5917 3771 0
5918 3771 0
5919 3772 0
5920 3772 0
5921 3773 0
5922 3773 0
5923 3774 0
5924 3774 0
5925 3775 0
5926 3775 0
5927 3776 0
5928 3777 0
5929 3777 0
5930 3778 0
5931 3778 0
5932 3779 0
5933 3779 0
5934 3780 0
5935 3780 0
5936 3781 0
5937 3781 0
5938 3782 0
5939 3782 0
5940 3783 0
5941 3784 0
5942 3784 0
5943 3785 0
5944 3785 0
5945 3786 0
5946 3786 0
5947 3787 0
5948 3788 0
5949 3788 0
5950 3789 0
5951 3789 0
5952 3790 0
5953 3790 0
5954 3791 0
5955 3791 0
5956 3792 0
5957 3792 0
5958 3793 0
5959 3793 0
5960 3794 0
5961 3794 0
5962 3795 0
5963 3795 0
5964 3796 0
5965 3796 0
5966 3797 0
5967 3797 0
5968 3798 0
5969 3799 0
5970 3799 0
5971 3800 0
5972 3800 0
5973 3801 0
5974 3801 0
5975 3802 0
5976 3803 0
5977 3803 0
5978 3804 0
5979 3804 0
5980 3805 0
5981 3805 0
5982 3806 0
5983 3807 0
5984 3807 0
5985 3808 0
5986 3809 0
5987 3809 0
5988 3810 0
5989 3810 0
5990 3811 0
5991 3811 0
5992 3812 0
5993 3812 0
5994 3813 0
5995 3813 0
5996 3814 0
5997 3814 0
5998 3815 0
5999 3815 0
6000 3816 0
6001 3816 0
6002 3817 0
6003 3817 0
6004 3818 0
6005 3818 0
6006 3819 0
6007 3820 0
6008 3820 0
6009 3821 0
6010 3821 0
6011 3822 0
6012 3822 0
6013 3823 0
6014 3823 0
6015 3824 0
6016 3824 0
6017 3825 0
6018 3825 0
6019 3826 0
6020 3826 0
6021 3827 0
6022 3828 0
6023 3829 0
6024 3830 0
6025 3830 0
6026 3831 0
6027 3831 0
6028 3832 0
6029 3833 0
6030 3833 0
6031 3834 0
6032 3834 0
6033 3835 0
6034 3835 0
6035 3836 0
6036 3836 0
6037 3837 0
6038 3837 0
6039 3838 0
6040 3838 0
6041 3839 0
6042 3839 0
6043 3840 0
6044 3840 0
6045 3841 0
6046 3841 0
6047 3842 0
6048 3842 0
6049 3843 0
6050 3843 0
6051 3844 0
6052 3844 0
6053 3845 0
6054 3845 0
6055 3846 0
6056 3846 0
6057 3847 0
6058 3847 0
6059 3848 0
6060 3848 0
6061 3849 0
6062 3850 0
6063 3850 0
6064 3851 0
6065 3851 0
6066 3852 0
6067 3852 0
6068 3853 0
6069 3853 0
6070 3854 0
6071 3854 0
6072 3855 0
6073 3855 0
6074 3856 0
6075 3856 0
6076 3857 0
6077 3857 0
6078 3858 0
6079 3858 0
6080 3859 0
6081 3859 0
6082 3860 0
6083 3860 0
6084 3861 0
6085 3861 0
6086 3862 0
6087 3862 0
6088 3863 0
6089 3863 0
6090 3864 0
6091 3864 0
6092 3865 0
6093 3865 0
6094 3866 0
6095 3867 0
6096 3867 0
6097 3868 0
6098 3868 0
6099 3869 0
6100 3870 0
6101 3870 0
6102 3871 0
6103 3871 0
6104 3872 0
6105 3872 0
6106 3873 0
6107 3874 0
6108 3874 0
6109 3875 0
6110 3876 0
6111 3876 0
6112 3877 0
6113 3877 0
6114 3878 0
6115 3878 0
6116 3879 0
6117 3880 0
6118 3880 0
6119 3881 0
6120 3881 0
6121 3882 0
6122 3882 0
6123 3883 0
6124 3883 0
6125 3884 0
6126 3884 0
6127 3885 0
6128 3885 0
6129 3886 0
6130 3886 0
6131 3887 0
6132 3887 0
6133 3888 0
6134 3888 0
6135 3889 0
6136 3889 0
6137 3890 0
6138 3890 0
6139 3891 0
6140 3891 0
6141 3892 0
6142 3892 0
6143 3893 0
6144 3893 0
6145 3894 0
6146 3894 0
6147 3895 0
6148 3895 0
6149 3896 0
6150 3896 0
6151 3897 0
6152 3897 0
6153 3898 0
6154 3898 0
6155 3899 0
6156 3899 0
6157 3900 0
6158 3900 0
6159 3901 0
6160 3901 0
6161 3902 0
6162 3902 0
6163 3903 0
6164 3904 0
6165 3904 0
6166 3905 0
6167 3905 0
6168 3906 0
6169 3907 0
6170 3907 0
6171 3908 0
6172 3908 0
6173 3909 0
6174 3909 0
6175 3910 0
6176 3910 0
6177 3911 0
6178 3911 0
6179 3912 0
6180 3912 0
6181 3913 0
6182 3913 0
6183 3914 0
6184 3914 0
6185 3915 0
6186 3915 0
6187 3916 0
6188 3917 0
6189 3917 0
6190 3918 0
6191 3918 0
6192 3919 0
6193 3919 0
6194 3920 0
6195 3921 0
6196 3921 0
6197 3922 0
6198 3923 0
6199 3923 0
6200 3924 0
6201 3924 0
6202 3925 0
6203 3925 0
6204 3926 0
6205 3927 0
6206 3928 0
6207 3928 0
6208 3929 0
6209 3929 0
6210 3930 0
6211 3930 0
6212 3931 0
6213 3932 0
6214 3932 0
6215 3933 0
6216 3933 0
6217 3934 0
6218 3934 0
6219 3935 0
6220 3935 0
6221 3937 0
6222 3937 0
6223 3938 0
6224 3938 0
6225 3939 0
6226 3939 0
6227 3940 0
6228 3940 0
6229 3941 0
6230 3941 0
6231 3942 0
6232 3942 0
6233 3943 0
6234 3943 0
6235 3944 0
6236 3944 0
6237 3945 0
6238 3945 0
6239 3946 0
6240 3946 0
6241 3947 0
6242 3947 0
6243 3948 0
6244 3948 0
6245 3949 0
6246 3949 0
6247 3950 0
6248 3950 0
6249 3951 0
6250 3951 0
6251 3952 0
6252 3952 0
6253 3953 0
6254 3953 0
6255 3954 0
6256 3954 0
6257 3955 0
6258 3955 0
6259 3956 0
6260 3956 0
6261 3957 0
6262 3957 0
6263 3958 0
6264 3958 0
6265 3959 0
6266 3959 0
6267 3960 0
6268 3960 0
6269 3961 0
6270 3961 0
6271 3962 0
6272 3963 0
6273 3963 0
6274 3964 0
6275 3964 0
6276 3965 0
6277 3965 0
6278 3966 0
6279 3967 0
6280 3967 0
6281 3968 0
6282 3968 0
6283 3969 0
6284 3969 0
6285 3970 0
6286 3970 0
6287 3971 0
6288 3971 0
6289 3972 0
6290 3972 0
6291 3973 0
6292 3973 0
6293 3974 0
6294 3974 0
6295 3975 0
6296 3975 0
6297 3976 0
6298 3976 0
6299 3977 0
6300 3977 0
6301 3978 0
6302 3978 0
6303 3979 0
6304 3979 0
6305 3980 0
6306 3981 0
6307 3981 0
6308 3982 0
6309 3982 0
6310 3983 0
6311 3984 0
6312 3984 0
6313 3985 0
6314 3985 0
6315 3986 0
6316 3986 0
6317 3987 0
6318 3987 0
6319 3988 0
6320 3989 0
6321 3989 0
6322 3990 0
6323 3990 0
6324 3991 0
6325 3991 0
6326 3992 0
6327 3992 0
6328 3993 0
6329 3993 0
6330 3994 0
6331 3994 0
6332 3995 0
6333 3995 0
6334 3996 0
6335 3997 0
6336 3997 0
6337 3998 0
6338 3998 0
6339 3999 0
6340 4000 0
6341 4000 0
6342 4001 0
6343 4001 0
6344 4002 0
6345 4002 0
6346 4003 0
6347 4003 0
6348 4004 0
6349 4004 0
6350 4005 0
6351 4005 0
6352 4006 0
6353 4006 0
6354 4007 0
6355 4007 0
6356 4008 0
6357 4008 0
6358 4009 0
6359 4009 0
6360 4010 0
6361 4010 0
6362 4011 0
6363 4011 0
6364 4012 0
6365 4012 0
6366 4013 0
6367 4013 0
6368 4014 0
6369 4015 0
6370 4015 0
6371 4016 0
6372 4016 0
6373 4017 0
6374 4017 0
6375 4018 0
6376 4018 0
6377 4019 0
6378 4019 0
6379 4020 0
6380 4020 0
6381 4021 0
6382 4021 0
6383 4022 0
6384 4022 0
6385 4023 0
6386 4023 0
6387 4024 0
6388 4024 0
6389 4025 0
6390 4025 0
6391 4026 0
6392 4026 0
6393 4027 0
6394 4027 0
6395 4028 0
6396 4028 0
6397 4029 0
6398 4030 0
6399 4030 0
6400 4031 0
6401 4031 0
6402 4032 0
6403 4032 0
6404 4033 0
6405 4034 0
6406 4034 0
6407 4035 0
6408 4035 0
6409 4036 0
6410 4036 0
6411 4037 0
6412 4037 0
6413 4038 0
6414 4038 0
6415 4039 0
6416 4039 0
6417 4040 0
6418 4040 0
6419 4041 0
6420 4042 0
6421 4042 0
6422 4043 0
6423 4043 0
6424 4044 0
6425 4044 0
6426 4045 0
6427 4045 0
6428 4046 0
6429 4047 0
6430 4047 0
6431 4048 0
6432 4048 0
6433 4049 0
6434 4050 0
6435 4050 0
6436 4051 0
6437 4051 0
6438 4052 0
6439 4052 0
6440 4053 0
6441 4053 0
6442 4054 0
6443 4054 0
6444 4055 0
6445 4055 0
6446 4056 0
6447 4056 0
6448 4057 0
6449 4057 0
6450 4058 0
6451 4058 0
6452 4059 0
6453 4059 0
6454 4060 0
6455 4060 0
6456 4061 0
6457 4061 0
6458 4062 0
6459 4062 0
6460 4063 0
6461 4064 0
6462 4064 0
6463 4065 0
6464 4066 0
6465 4066 0
6466 4067 0
6467 4067 0
6468 4068 0
6469 4068 0
6470 4069 0
6471 4069 0
6472 4070 0
6473 4070 0
6474 4071 0
6475 4072 0
6476 4072 0
6477 4073 0
6478 4073 0
6479 4074 0
6480 4074 0
6481 4075 0
6482 4075 0
6483 4076 0
6484 4077 0
6485 4077 0
6486 4078 0
6487 4078 0
6488 4079 0
6489 4080 0
6490 4080 0
6491 4081 0
6492 4081 0
6493 4082 0
6494 4082 0
6495 4083 0
6496 4083 0
6497 4084 0
6498 4084 0
6499 4085 0
6500 4085 0
6501 4086 0
6502 4086 0
6503 4087 0
6504 4087 0
6505 4088 0
6506 4088 0
6507 4089 0
6508 4089 0
6509 4090 0
6510 4090 0
6511 4091 0
6512 4091 0
6513 4092 0
6514 4093 0
6515 4093 0
6516 4094 0
6517 4094 0
6518 4095 0
6519 4096 0
6520 4097 0
6521 4097 0
6522 4098 0
6523 4098 0
6524 4099 0
6525 4100 0
6526 4100 0
6527 4101 0
6528 4101 0
6529 4102 0
6530 4102 0
6531 4103 0
6532 4103 0
6533 4104 0
6534 4105 0
6535 4105 0
6536 4106 0
6537 4106 0
6538 4107 0
6539 4107 0
6540 4108 0
6541 4108 0
6542 4109 0
6543 4109 0
6544 4110 0
6545 4110 0
6546 4111 0
6547 4112 0
6548 4112 0
6549 4113 0
6550 4113 0
6551 4114 0
6552 4114 0
6553 4115 0
6554 4115 0
6555 4116 0
6556 4116 0
6557 4117 0
6558 4117 0
6559 4118 0
6560 4118 0
6561 4119 0
6562 4119 0
6563 4120 0
6564 4120 0
6565 4121 0
6566 4121 0
6567 4122 0
6568 4122 0
6569 4123 0
6570 4124 0
6571 4125 0
6572 4125 0
6573 4126 0
6574 4126 0
6575 4127 0
6576 4127 0
6577 4128 0
6578 4128 0
6579 4129 0
6580 4129 0
6581 4130 0
6582 4130 0
6583 4131 0
6584 4131 0
6585 4132 0
6586 4132 0
6587 4133 0
6588 4133 0
6589 4134 0
6590 4135 0
6591 4135 0
6592 4136 0
6593 4136 0
6594 4137 0
6595 4137 0
6596 4138 0
6597 4138 0
6598 4139 0
6599 4139 0
6600 4140 0
6601 4140 0
6602 4141 0
6603 4141 0
6604 4142 0
6605 4142 0
6606 4143 0
6607 4143 0
6608 4144 0
6609 4144 0
6610 4145 0
6611 4145 0
6612 4146 0
6613 4146 0
6614 4147 0
6615 4147 0
6616 4148 0
6617 4149 0
6618 4149 0
6619 4150 0
6620 4150 0
6621 4151 0
6622 4152 0
6623 4152 0
6624 4153 0
6625 4153 0
6626 4154 0
6627 4155 0
6628 4155 0
6629 4156 0
6630 4156 0
6631 4157 0
6632 4157 0
6633 4158 0
6634 4159 0
6635 4159 0
6636 4160 0
6637 4160 0
6638 4161 0
6639 4161 0
6640 4162 0
6641 4162 0
6642 4163 0
6643 4163 0
6644 4164 0
6645 4164 0
6646 4165 0
6647 4165 0
6648 4166 0
6649 4166 0
6650 4167 0
6651 4167 0
6652 4168 0
6653 4168 0
6654 4169 0
6655 4169 0
6656 4170 0
6657 4171 0
6658 4171 0
6659 4172 0
6660 4172 0
6661 4173 0
6662 4173 0
6663 4174 0
6664 4174 0
6665 4175 0
6666 4175 0
6667 4176 0
6668 4176 0
6669 4177 0
6670 4177 0
6671 4178 0
6672 4178 0
6673 4179 0
6674 4180 0
6675 4180 0
6676 4181 0
6677 4181 0
6678 4182 0
6679 4182 0
6680 4183 0
6681 4183 0
6682 4184 0
6683 4184 0
6684 4185 0
6685 4185 0
6686 4186 0
6687 4187 0
6688 4187 0
6689 4188 0
6690 4188 0
6691 4189 0
6692 4189 0
6693 4190 0
6694 4190 0
6695 4191 0
6696 4191 0
6697 4192 0
6698 4192 0
6699 4193 0
6700 4193 0
6701 4194 0
6702 4194 0
6703 4195 0
6704 4195 0
6705 4196 0
6706 4197 0
6707 4197 0
6708 4198 0
6709 4198 0
6710 4199 0
6711 4199 0
6712 4200 0
6713 4200 0
6714 4201 0
6715 4201 0
6716 4202 0
6717 4203 0
6718 4204 0
6719 4204 0
6720 4205 0
6721 4205 0
6722 4206 0
6723 4206 0
6724 4207 0
6725 4208 0
6726 4208 0
6727 4209 0
6728 4209 0
6729 4210 0
6730 4211 0
6731 4211 0
6732 4212 0
6733 4213 0
6734 4213 0
6735 4214 0
6736 4214 0
6737 4215 0
6738 4215 0
6739 4216 0
6740 4217 0
6741 4218 0
6742 4218 0
6743 4219 0
6744 4219 0
6745 4220 0
6746 4220 0
6747 4221 0
6748 4221 0
6749 4222 0
6750 4222 0
6751 4223 0
6752 4223 0
6753 4224 0
6754 4225 0
6755 4225 0
6756 4226 0
6757 4226 0
6758 4227 0
6759 4227 0
6760 4228 0
6761 4229 0
6762 4229 0
6763 4230 0
6764 4230 0
6765 4231 0
6766 4232 0
6767 4232 0
6768 4233 0
6769 4233 0
6770 4234 0
6771 4234 0
6772 4235 0
6773 4235 0
6774 4236 0
6775 4236 0
6776 4237 0
6777 4237 0
6778 4238 0
6779 4238 0
6780 4239 0
6781 4239 0
6782 4240 0
6783 4241 0
6784 4241 0
6785 4242 0
6786 4242 0
6787 4243 0
6788 4243 0
6789 4244 0
6790 4245 0
6791 4245 0
6792 4246 0
6793 4246 0
6794 4247 0
6795 4247 0
6796 4248 0
6797 4248 0
6798 4249 0
6799 4250 0
6800 4250 0
6801 4251 0
6802 4251 0
6803 4252 0
6804 4252 0
6805 4253 0
6806 4253 0
6807 4254 0
6808 4254 0
6809 4255 0
6810 4255 0
6811 4256 0
6812 4256 0
6813 4257 0
6814 4257 0
6815 4258 0
6816 4258 0
6817 4259 0
6818 4259 0
6819 4260 0
6820 4260 0
6821 4261 0
6822 4261 0
6823 4262 0
6824 4263 0
6825 4263 0
6826 4264 0
6827 4265 0
6828 4265 0
6829 4266 0
6830 4266 0
6831 4267 0
6832 4267 0
6833 4268 0
6834 4268 0
6835 4269 0
6836 4270 0
6837 4270 0
6838 4271 0
6839 4272 0
6840 4272 0
6841 4273 0
6842 4273 0
6843 4274 0
6844 4274 0
6845 4275 0
6846 4275 0
6847 4276 0
6848 4276 0
6849 4277 0
6850 4278 0
6851 4278 0
6852 4279 0
6853 4279 0
6854 4280 0
6855 4280 0
6856 4281 0
6857 4281 0
6858 4282 0
6859 4282 0
6860 4283 0
6861 4284 0
6862 4284 0
6863 4285 0
6864 4285 0
6865 4286 0
6866 4287 0
6867 4287 0
6868 4288 0
6869 4288 0
6870 4289 0
6871 4289 0
6872 4290 0
6873 4290 0
6874 4291 0
6875 4291 0
6876 4292 0
6877 4292 0
6878 4293 0
6879 4293 0
6880 4294 0
6881 4294 0
6882 4295 0
6883 4295 0
6884 4296 0
6885 4296 0
6886 4297 0
6887 4297 0
6888 4298 0
6889 4299 0
6890 4300 0
6891 4300 0
6892 4301 0
6893 4301 0
6894 4302 0
6895 4302 0
6896 4303 0
6897 4303 0
6898 4304 0
6899 4304 0
6900 4305 0
6901 4305 0
6902 4306 0
6903 4306 0
6904 4307 0
6905 4308 0
6906 4308 0
6907 4309 0
6908 4309 0
6909 4310 0
6910 4310 0
6911 4311 0
6912 4311 0
6913 4312 0
6914 4312 0
6915 4313 0
6916 4313 0
6917 4314 0
6918 4314 0
6919 4315 0
6920 4315 0
6921 4316 0
6922 4316 0
6923 4317 0
6924 4317 0
6925 4318 0
6926 4318 0
6927 4319 0
6928 4319 0
6929 4320 0
6930 4320 0
6931 4321 0
6932 4321 0
6933 4322 0
6934 4322 0
6935 4323 0
6936 4323 0
6937 4324 0
6938 4325 0
6939 4326 0
6940 4327 0
6941 4327 0
6942 4328 0
6943 4328 0
6944 4329 0
6945 4330 0
6946 4330 0
6947 4331 0
6948 4331 0
6949 4332 0
6950 4332 0
6951 4333 0
6952 4333 0
6953 4334 0
6954 4334 0
6955 4335 0
6956 4335 0
6957 4336 0
6958 4336 0
6959 4337 0
6960 4337 0
6961 4338 0
6962 4338 0
6963 4339 0
6964 4339 0
6965 4340 0
6966 4340 0
6967 4341 0
6968 4341 0
6969 4342 0
6970 4342 0
6971 4343 0
6972 4343 0
6973 4344 0
6974 4344 0
6975 4345 0
6976 4345 0
6977 4346 0
6978 4347 0
6979 4347 0
6980 4348 0
6981 4348 0
6982 4349 0
6983 4349 0
6984 4350 0
6985 4350 0
6986 4351 0
6987 4351 0
6988 4352 0
6989 4352 0
6990 4353 0
6991 4353 0
6992 4354 0
6993 4354 0
6994 4355 0
6995 4355 0
6996 4356 0
6997 4357 0
6998 4357 0
6999 4358 0
7000 4359 0
7001 4359 0
7002 4360 0
7003 4360 0
7004 4361 0
7005 4361 0
7006 4362 0
7007 4362 0
7008 4363 0
7009 4363 0
7010 4364 0
7011 4364 0
7012 4365 0
7013 4365 0
7014 4366 0
7015 4366 0
7016 4367 0
7017 4367 0
7018 4368 0
7019 4368 0
7020 4369 0
7021 4369 0
7022 4370 0
7023 4370 0
7024 4371 0
7025 4372 0
7026 4373 0
7027 4373 0
7028 4374 0
7029 4374 0
7030 4376 0
7031 4376 0
7032 4377 0
7033 4378 0
7034 4378 0
7035 4379 0
7036 4380 0
7037 4380 0
7038 4381 0
7039 4381 0
7040 4382 0
7041 4382 0
7042 4383 0
7043 4383 0
7044 4384 0
7045 4384 0
7046 4385 0
7047 4385 0
7048 4386 0
7049 4386 0
7050 4387 0
7051 4387 0
7052 4388 0
7053 4388 0
7054 4389 0
7055 4391 0
7056 4391 0
7057 4392 0
7058 4393 0
7059 4393 0
7060 4394 0
7061 4394 0
7062 4395 0
7063 4395 0
7064 4396 0
7065 4396 0
7066 4397 0
7067 4397 0
7068 4398 0
7069 4398 0
7070 4399 0
7071 4399 0
7072 4400 0
7073 4400 0
7074 4401 0
7075 4401 0
7076 4402 0
7077 4402 0
7078 4403 0
7079 4403 0
7080 4404 0
7081 4404 0
7082 4405 0
7083 4405 0
7084 4406 0
7085 4407 0
7086 4407 0
7087 4408 0
7088 4408 0
7089 4409 0
7090 4410 0
7091 4410 0
7092 4411 0
7093 4411 0
7094 4412 0
7095 4412 0
7096 4413 0
7097 4413 0
7098 4414 0
7099 4414 0
7100 4415 0
7101 4415 0
7102 4416 0
7103 4416 0
7104 4417 0
7105 4418 0
7106 4418 0
7107 4419 0
7108 4419 0
7109 4420 0
7110 4420 0
7111 4421 0
7112 4421 0
7113 4422 0
7114 4422 0
7115 4423 0
7116 4423 0
7117 4424 0
7118 4424 0
7119 4425 0
7120 4425 0
7121 4426 0
7122 4426 0
7123 4427 0
7124 4427 0
